date,open,high,low,close,volume
1999-05-04,76.0,77.25,70.0,70.375,22320900
1999-05-05,69.875,69.875,66.25,69.125,7565700
1999-05-06,68.0,69.375,67.0625,67.9375,2905700
1999-05-07,67.9375,74.875,66.75,74.125,4862300
1999-05-10,73.375,73.5,70.25,70.6875,2589400
1999-05-11,70.0,71.1875,69.5,70.625,1839800
1999-05-12,71.0,74.875,69.125,73.5,2659300
1999-05-13,73.25,75.25,72.5,73.1875,1142900
1999-05-14,71.25,72.25,69.0625,70.1875,2058400
1999-05-17,69.125,70.25,68.0,68.625,2075000
1999-05-18,68.25,70.4375,68.125,68.625,1407100
1999-05-19,69.375,69.8125,68.75,69.3125,727400
1999-05-20,69.5625,70.125,68.375,68.375,520800
1999-05-21,68.125,68.8125,67.5,67.5,936200
1999-05-24,67.0,67.25,65.0,65.3125,1493000
1999-05-25,64.125,65.9375,64.0,64.5,1662400
1999-05-26,65.625,66.625,63.0625,66.0625,1602900
1999-05-27,65.0,67.75,64.6875,67.75,1220500
1999-05-28,67.75,68.8125,67.0,67.9375,901900
1999-06-01,66.625,66.625,63.5625,64.1875,953900
1999-06-02,63.75,64.0625,62.0,63.25,2204300
1999-06-03,64.0,64.1875,63.125,63.625,852600
1999-06-04,64.3125,67.0,64.3125,65.375,1357400
1999-06-07,65.1875,67.75,65.1875,65.9375,891900
1999-06-08,65.375,65.6875,63.75,63.75,571700
1999-06-09,64.25,65.5,63.625,65.5,611400
1999-06-10,64.875,64.9375,63.3125,63.375,664200
1999-06-11,63.9375,64.3125,62.3125,63.25,969300
1999-06-14,63.5,64.0,60.5,61.25,821100
1999-06-15,62.875,63.375,62.25,62.75,831700
1999-06-16,63.9375,65.4375,63.9375,65.25,690300
1999-06-17,64.5,66.875,64.5,65.0,955700
1999-06-18,64.25,64.875,63.5,64.8125,613900
1999-06-21,66.6875,69.9375,66.5625,69.5,1811000
1999-06-22,70.125,70.125,67.75,68.0,1165900
1999-06-23,67.0625,67.4375,64.875,65.0,1351700
1999-06-24,66.0625,66.5,64.5,65.0625,1408900
1999-06-25,65.5,66.8125,65.375,66.25,1111500
1999-06-28,66.4375,67.5,65.75,66.5625,784600
1999-06-29,66.0,68.5,66.0,67.75,629800
1999-06-30,68.5,72.25,66.125,72.25,2127600
1999-07-01,71.375,71.4375,69.75,70.8125,813600
1999-07-02,70.5625,71.1875,69.6875,70.9375,536900
1999-07-06,70.0,71.1875,69.25,70.5,747600
1999-07-07,69.5625,70.0,68.0,68.0,648800
1999-07-08,68.0,68.875,67.1875,67.25,424400
1999-07-09,67.4375,68.1875,67.25,67.25,312700
1999-07-12,68.0,68.9375,67.875,68.375,547700
1999-07-13,68.25,68.6875,67.625,67.875,969600
1999-07-14,67.375,67.75,67.3125,67.625,888200
1999-07-15,68.0,68.0,67.5,67.9375,864700
1999-07-16,67.75,68.75,67.75,68.0625,476700
1999-07-19,68.25,70.75,68.25,69.4375,646100
1999-07-20,69.125,70.4375,67.875,68.125,886100
1999-07-21,68.0,68.0625,67.125,67.875,626100
1999-07-22,68.125,68.25,66.5,66.5,579500
1999-07-23,66.375,66.375,64.0,64.0625,767200
1999-07-26,64.25,64.75,63.1875,63.25,749500
1999-07-27,64.25,65.75,63.3125,65.5,592200
1999-07-28,65.25,66.375,64.0,66.0625,584800
1999-07-29,65.5,65.5,64.5,65.0,646000
1999-07-30,65.0,65.0,63.625,64.3125,629600
1999-08-02,64.25,64.5625,62.375,62.8125,566400
1999-08-03,62.8125,62.8125,60.75,60.8125,837700
1999-08-04,60.5625,61.5,60.0,60.0,1281600
1999-08-05,59.8125,60.0,57.8125,59.25,1539900
1999-08-06,58.9375,58.9375,56.0,56.25,1308500
1999-08-09,56.5,57.5,55.8125,55.8125,1347500
1999-08-10,56.25,57.1875,55.1875,57.0,1817400
1999-08-11,57.875,61.5625,57.4375,61.5,1369200
1999-08-12,61.4375,62.1875,60.5625,60.6875,832800
1999-08-13,62.4375,63.25,62.0625,63.125,557400
1999-08-16,63.0,63.0,60.875,62.875,762600
1999-08-17,63.25,64.5,62.625,63.0,936900
1999-08-18,63.0,63.0,61.0625,62.3125,819300
1999-08-19,61.625,62.5,60.8125,61.5625,624600
1999-08-20,61.8125,62.9375,61.625,62.3125,439600
1999-08-23,62.8125,63.8125,62.625,63.625,837200
1999-08-24,63.5625,65.0,62.8125,63.4375,894200
1999-08-25,63.125,64.3125,62.3125,64.0,449900
1999-08-26,64.0,64.875,62.75,62.75,378400
1999-08-27,63.0,63.0,61.5,61.5625,265300
1999-08-30,61.75,61.75,59.3125,59.3125,438100
1999-08-31,59.5,60.5,58.6875,59.8125,496600
1999-09-01,60.5625,60.6875,59.8125,60.3125,560100
1999-09-02,59.5,60.4375,58.875,59.25,727600
1999-09-03,60.75,63.125,60.75,63.125,754900
1999-09-07,63.0,64.4375,62.4375,62.5,813600
1999-09-08,62.4375,63.625,62.125,62.5625,732100
1999-09-09,62.5,62.5625,61.0,61.75,448800
1999-09-10,62.375,63.09375,61.625,63.09375,636300
1999-09-13,62.1875,62.8125,62.0,62.125,250700
1999-09-14,61.375,61.375,58.75,59.375,1160600
1999-09-15,60.125,60.125,58.0625,58.3125,970200
1999-09-16,58.5625,59.125,57.4375,57.6875,753200
1999-09-17,58.625,60.0625,58.5,60.0625,1116700
1999-09-20,60.0625,60.75,59.5,60.75,721800
1999-09-21,60.5625,61.75,58.375,59.125,2369100
1999-09-22,59.9375,62.0,59.0625,61.3125,1534700
1999-09-23,61.75,62.25,60.75,60.8125,889800
1999-09-24,61.0625,62.1875,60.875,61.9375,831400
1999-09-27,62.0,62.625,61.25,61.5625,624700
1999-09-28,61.3125,62.25,61.0625,62.25,819900
1999-09-29,62.375,62.75,61.125,61.4375,800900
1999-09-30,61.9375,62.5,61.0,61.0,1113400
1999-10-01,61.0,61.25,58.3125,59.1875,793300
1999-10-04,59.5,61.6875,59.5,61.6875,739400
1999-10-05,62.125,63.25,61.375,62.25,1040500
1999-10-06,62.125,64.0,61.8125,64.0,944200
1999-10-07,64.0,64.125,63.1875,63.1875,366300
1999-10-08,62.5,63.9375,61.875,63.9375,488800
1999-10-11,63.75,63.9375,63.5,63.6875,229300
1999-10-12,63.6875,63.75,62.75,62.9375,644200
1999-10-13,62.375,62.625,60.6875,61.0,393000
1999-10-14,60.5,62.5625,58.875,62.0,1016000
1999-10-15,60.5,60.625,58.25,59.75,1088000
1999-10-18,60.25,60.25,57.9375,59.25,732700
1999-10-19,59.5,61.0,59.5,60.375,1082700
1999-10-20,60.5,62.375,60.5,61.75,499800
1999-10-21,61.25,61.8125,61.125,61.8125,281900
1999-10-22,62.75,65.75,62.6875,65.5,1644700
1999-10-25,64.9375,65.0,63.25,64.0,665000
1999-10-26,63.5,64.5625,61.8125,61.8125,650200
1999-10-27,62.0625,64.75,62.0,64.375,1412500
1999-10-28,64.5,72.5,64.5,72.0,3983400
1999-10-29,72.0625,73.75,70.1875,71.0,2490500
1999-11-01,70.5,71.0,69.3125,69.375,949300
1999-11-02,69.1875,71.75,69.125,69.75,543000
1999-11-03,69.8125,69.875,68.3125,68.75,924000
1999-11-04,69.6875,70.75,69.4375,70.125,570400
1999-11-05,72.0,74.3125,71.25,73.6875,1304900
1999-11-08,73.5,73.5,72.5,73.0,651600
1999-11-09,73.5,73.5625,71.75,71.875,695600
1999-11-10,71.0,72.75,70.625,71.9375,678700
1999-11-11,72.0,73.5,71.5625,73.3125,574300
1999-11-12,73.9375,79.8125,73.75,79.75,2227700
1999-11-15,78.75,79.9375,77.25,78.0,997100
1999-11-16,78.375,83.0,78.375,82.8125,1505100
1999-11-17,81.125,81.375,78.5625,79.5625,1245400
1999-11-18,79.8125,81.125,79.25,80.1875,1111500
1999-11-19,80.0,80.875,79.625,79.9375,329600
1999-11-22,79.5,80.25,78.5,79.6875,329900
1999-11-23,79.9375,80.625,77.5,77.75,656300
1999-11-24,77.5,77.75,76.75,77.125,515700
1999-11-26,77.1875,77.75,76.625,77.3125,107600
1999-11-29,77.25,77.25,74.375,74.5,517900
1999-11-30,74.75,77.125,74.5,75.125,925000
1999-12-01,74.75,76.1875,74.75,76.1875,500000
1999-12-02,76.25,77.625,76.25,77.5,453600
1999-12-03,78.5,80.6875,78.375,79.0625,669500
1999-12-06,79.1875,79.3125,76.5625,77.0,295100
1999-12-07,77.25,80.9375,77.25,80.9375,883100
1999-12-08,81.8125,81.8125,80.0,80.0,732200
1999-12-09,80.75,82.25,79.75,80.0,1205700
1999-12-10,80.0,82.4375,79.5625,82.0,1386300
1999-12-13,81.5,82.9375,81.0625,82.0625,938500
1999-12-14,81.4375,81.4375,77.8125,78.75,1105800
1999-12-15,77.75,79.5,77.75,79.4375,1073800
1999-12-16,79.1875,79.5,77.75,78.5625,307900
1999-12-17,78.625,80.5625,78.4375,80.1875,542100
1999-12-20,82.0,83.625,80.75,81.875,1302600
1999-12-21,80.625,83.0,79.5,80.9375,1189900
1999-12-22,81.0,81.375,79.125,79.6875,526800
1999-12-23,81.0,82.4375,80.6875,81.0,532000
1999-12-27,80.5,82.875,80.5,82.0625,389200
1999-12-28,82.0625,85.6875,82.0625,85.0,821800
1999-12-29,85.5,88.1875,85.375,88.0,794800
1999-12-30,90.0,92.875,89.5625,92.1875,969200
1999-12-31,91.9375,94.8125,91.5,94.1875,383500
2000-01-03,94.1875,94.375,87.75,88.3125,1822600
2000-01-04,87.0,87.5,82.25,82.75,1647700
2000-01-05,80.875,81.875,78.375,78.875,1516600
2000-01-06,78.625,84.5,78.625,82.25,1845100
2000-01-07,83.0625,83.1875,79.875,82.5625,1127400
2000-01-10,81.75,84.875,81.75,84.375,803100
2000-01-11,85.0,86.25,84.5625,84.8125,808600
2000-01-12,84.125,86.0,83.375,84.375,916100
2000-01-13,85.125,85.125,82.875,84.5,711000
2000-01-14,85.5,86.9375,85.3125,85.625,607000
2000-01-18,85.0,89.125,84.75,86.875,1095700
2000-01-19,86.875,89.375,86.75,87.5625,636900
2000-01-20,87.0,87.9375,84.875,85.9375,621800
2000-01-21,86.1875,86.1875,84.5625,85.6875,542500
2000-01-24,87.5,87.5,81.5,81.75,712900
2000-01-25,83.0,84.1875,82.375,83.875,749300
2000-01-26,84.125,88.5,84.125,88.25,1086600
2000-01-27,88.25,89.9375,87.625,89.0,702000
2000-01-28,87.5,88.0,86.125,87.0,776800
2000-01-31,87.0,91.6875,86.5,91.625,801800
2000-02-01,92.875,93.0,90.5,91.25,813100
2000-02-02,90.75,91.625,88.625,91.125,964700
2000-02-03,90.0,91.125,84.8125,85.375,2213300
2000-02-04,87.25,87.25,83.5625,84.6875,1451700
2000-02-07,84.4375,86.5,83.5,85.75,929800
2000-02-08,85.75,89.625,85.75,89.4375,1024800
2000-02-09,89.4375,89.4375,86.5625,86.75,397100
2000-02-10,86.75,87.3125,85.5,86.625,503200
2000-02-11,86.4375,88.75,85.0,85.125,856900
2000-02-14,85.125,86.875,84.625,86.5,627800
2000-02-15,86.25,86.625,85.125,86.5,542400
2000-02-16,86.75,87.3125,82.875,82.9375,720300
2000-02-17,84.75,84.75,81.125,82.125,895500
2000-02-18,84.5,84.5,80.75,80.8125,925500
2000-02-22,81.25,82.375,80.6875,81.5625,720100
2000-02-23,81.3125,87.0,81.0625,85.75,702900
2000-02-24,85.8125,89.9375,85.5,89.625,1199800
2000-02-25,89.4375,94.0,88.25,89.25,1333000
2000-02-28,89.25,89.25,87.0,88.0,518000
2000-02-29,88.75,92.5,88.0,92.5,1381200
2000-03-01,93.25,96.75,93.1875,94.75,1488900
2000-03-02,95.25,97.875,94.125,96.25,1819200
2000-03-03,97.0,102.5,96.75,102.5,2295900
2000-03-06,102.75,105.25,102.375,103.6875,1421000
2000-03-07,103.9375,105.75,102.4375,104.875,1041300
2000-03-08,105.0,105.375,99.6875,101.75,1041100
2000-03-09,101.75,108.1875,101.25,107.1875,535500
2000-03-10,109.75,119.0,108.5,112.25,2034400
2000-03-13,107.5,115.5,106.5,110.375,1454200
2000-03-14,111.5,112.875,103.5,104.75,653100
2000-03-15,102.5,105.5,101.375,103.5625,700300
2000-03-16,103.875,105.0,99.25,103.3125,2024800
2000-03-17,104.125,117.375,103.25,116.5,2099400
2000-03-20,117.625,123.0,112.5625,113.4375,2254000
2000-03-21,111.0,119.8125,106.5,118.25,2692800
2000-03-22,114.875,117.9375,114.8125,117.15625,1258900
2000-03-23,116.5,119.0,115.125,119.0,1656900
2000-03-24,119.0,128.0,117.6875,121.3125,1934400
2000-03-27,118.25,119.375,111.75,112.0,1315000
2000-03-28,109.5,115.5,108.5,113.25,1649400
2000-03-29,114.0,116.125,110.75,114.1875,754300
2000-03-30,112.625,115.0,105.125,106.875,1241200
2000-03-31,108.0,111.875,103.3125,105.25,1693300
2000-04-03,108.75,110.8125,105.5,105.5,1789500
2000-04-04,106.0,106.25,91.125,98.25,3739600
2000-04-05,97.5,99.625,93.5,97.4375,3238700
2000-04-06,101.0,106.0,100.0,106.0,1675700
2000-04-07,106.25,107.25,101.1875,102.5,1373500
2000-04-10,104.0,109.125,103.5625,107.0625,1749900
2000-04-11,107.125,108.3125,104.3125,104.8125,1147200
2000-04-12,106.5,107.25,96.5,96.5625,2598500
2000-04-13,96.75,98.125,92.3125,95.25,3377700
2000-04-14,92.75,92.75,79.4375,82.75,4855800
2000-04-17,81.75,87.75,81.0,87.5,3489600
2000-04-18,87.5,94.9375,86.875,93.75,2191500
2000-04-19,93.4375,93.5,89.625,92.0625,1390200
2000-04-20,91.8125,91.8125,88.0,88.8125,1061100
2000-04-24,88.8125,91.5,84.625,86.875,1764300
2000-04-25,88.625,97.875,87.5,97.0625,1341500
2000-04-26,97.5625,99.125,94.0,94.5,1626100
2000-04-27,91.5,96.25,90.375,95.1875,1772400
2000-04-28,96.25,97.5,90.875,93.25,1145600
2000-05-01,93.25,101.625,93.25,97.0,2319300
2000-05-02,95.0,97.625,92.5,93.0,1666500
2000-05-03,92.25,95.75,89.6875,91.125,1931000
2000-05-04,91.375,92.0,88.125,90.1875,920700
2000-05-05,89.375,92.1875,87.4375,89.875,1378100
2000-05-08,86.0,87.875,85.75,87.3125,2817000
2000-05-09,86.0,87.0,84.75,85.625,1739100
2000-05-10,83.0,83.6875,80.5625,81.4375,2340600
2000-05-11,81.5,83.25,80.4375,80.875,2276000
2000-05-12,80.25,84.875,80.25,83.78125,1911200
2000-05-15,83.8125,88.0,83.8125,87.0625,1668900
2000-05-16,88.0,89.25,84.0,85.5,2538400
2000-05-17,85.125,86.0,83.0,84.6875,1231000
2000-05-18,83.875,87.5,83.875,85.25,1493000
2000-05-19,84.25,85.0,82.125,84.5625,1537500
2000-05-22,83.5,83.875,80.625,82.0,1345600
2000-05-23,81.875,85.5,81.5,82.8125,1203900
2000-05-24,82.625,83.625,79.5,80.0,1530200
2000-05-25,80.5,83.375,71.9375,73.0,4030100
2000-05-26,73.125,73.375,69.375,69.8125,2378100
2000-05-30,71.5,73.4375,70.625,72.0,2205300
2000-05-31,72.0,74.875,71.125,73.5625,1363800
2000-06-01,74.5625,77.6875,73.625,76.375,1684900
2000-06-02,84.5,87.25,83.5,86.875,3567900
2000-06-05,86.875,87.875,84.5,84.5,1576600
2000-06-06,84.0,85.125,81.75,83.125,1033200
2000-06-07,82.875,88.0,82.375,86.6875,1319900
2000-06-08,86.875,87.625,85.0625,85.0625,1255000
2000-06-09,85.125,86.5625,83.25,83.25,1006800
2000-06-12,83.3125,84.3125,81.75,83.3125,732800
2000-06-13,83.5,85.75,82.625,85.125,773200
2000-06-14,85.1875,90.375,84.8125,89.9375,1953600
2000-06-15,89.9375,90.8125,87.0,90.25,2120900
2000-06-16,90.25,91.4375,87.625,89.9375,1792300
2000-06-19,90.1875,93.0,89.5,91.625,2092900
2000-06-20,91.5,93.4375,87.375,89.0,2362600
2000-06-21,88.0,88.375,84.25,86.625,2875200
2000-06-22,86.625,86.625,82.0,84.25,1480100
2000-06-23,85.25,87.0,84.0,86.0,1616700
2000-06-26,86.75,88.0,85.75,87.75,1175700
2000-06-27,87.75,89.375,87.625,88.3125,1175700
2000-06-28,88.0,90.9375,88.0,89.875,1180400
2000-06-29,90.125,93.125,88.3125,92.625,1385400
2000-06-30,93.0,95.9375,92.5625,94.78125,2540600
2000-07-03,94.375,94.9375,93.4375,94.9375,453100
2000-07-05,94.375,97.0,93.875,95.9375,1077000
2000-07-06,90.0,94.0,88.375,93.1875,3343100
2000-07-07,93.1875,95.25,90.9375,94.9375,1265600
2000-07-10,94.875,98.875,93.8125,97.6875,1498700
2000-07-11,97.5625,99.1875,97.0625,98.5,1249100
2000-07-12,100.125,104.25,100.125,101.9375,2751000
2000-07-13,100.5,104.25,99.5,104.25,2207300
2000-07-14,104.25,105.25,102.875,104.1875,1143000
2000-07-17,104.0625,104.125,100.0,100.0,1225000
2000-07-18,102.0,104.25,101.125,103.875,2449700
2000-07-19,103.1875,103.5625,100.3125,100.75,874200
2000-07-20,101.0,104.9375,101.0,103.6875,1027700
2000-07-21,103.625,105.6875,102.8125,104.25,1155300
2000-07-24,104.75,106.9375,102.75,105.375,1457700
2000-07-25,105.75,106.75,103.6875,106.0,1092500
2000-07-26,105.625,105.9375,102.75,105.9375,1247400
2000-07-27,105.75,106.375,99.875,100.0,1299100
2000-07-28,100.125,101.0625,95.9375,98.5,1370800
2000-07-31,96.0,98.9375,94.5,98.6875,1734100
2000-08-01,99.0,102.25,97.0,100.625,1990600
2000-08-02,99.25,102.9375,99.25,102.125,13171500
2000-08-03,101.625,105.625,100.5,105.625,2700200
2000-08-04,109.0,112.9375,108.0,111.25,3709300
2000-08-07,111.5,115.0,109.75,114.0625,2457700
2000-08-08,114.0625,115.3125,112.8125,113.0,1984600
2000-08-09,113.0,116.75,111.875,114.9375,1488800
2000-08-10,115.375,116.75,111.375,112.0,1188900
2000-08-11,111.75,119.875,111.75,119.875,1489600
2000-08-14,118.0,121.75,116.625,120.75,2121700
2000-08-15,120.8125,120.8125,117.75,118.1875,1548900
2000-08-16,117.0,118.375,111.625,113.0,2521000
2000-08-17,113.0625,118.875,113.0625,118.625,1780400
2000-08-18,118.875,119.0,116.0,117.0,853900
2000-08-21,116.9375,118.75,116.25,117.8125,1082000
2000-08-22,117.9375,121.5,117.75,119.875,2178800
2000-08-23,119.75,119.75,118.0625,119.0,1650600
2000-08-24,119.0625,120.875,117.9375,118.25,1049600
2000-08-25,118.5,120.1875,117.125,119.375,984200
2000-08-28,118.25,124.5,118.25,122.4375,1422700
2000-08-29,121.5,127.4375,121.375,127.4375,2495500
2000-08-30,125.5,126.5,123.125,123.6875,2136000
2000-08-31,124.5,129.5,123.875,129.5,1394100
2000-09-01,128.0,129.8125,127.125,129.625,993800
2000-09-05,128.6875,130.0625,127.1875,128.8125,1184400
2000-09-06,128.6875,132.875,127.5,128.125,2104200
2000-09-07,127.875,129.5,125.9375,128.6875,1046800
2000-09-08,127.5,129.1875,124.0,124.25,1358800
2000-09-11,127.0,132.4375,126.3125,132.0,2718400
2000-09-12,132.3125,133.625,129.6875,131.3125,1905100
2000-09-13,129.25,130.75,127.375,128.5,1437400
2000-09-14,129.375,131.75,128.6875,129.0,1278100
2000-09-15,128.0,128.125,124.3125,124.875,1441100
2000-09-18,124.0,124.125,117.75,118.5625,2410400
2000-09-19,118.5625,121.4375,115.3125,119.9375,3284700
2000-09-20,121.5,122.9375,114.9375,118.0,2067500
2000-09-21,114.0,114.3125,111.25,113.25,2324000
2000-09-22,110.0,115.5,109.5,114.875,2382900
2000-09-25,116.125,118.6875,116.0625,116.5,1337900
2000-09-26,115.125,115.625,109.5,110.875,2032900
2000-09-27,111.0,111.75,105.75,107.0625,2008800
2000-09-28,107.0,114.5625,107.0,113.0,1891700
2000-09-29,111.5,117.25,111.4375,114.0625,2193700
2000-10-02,113.125,116.875,113.125,115.375,1258700
2000-10-03,115.625,116.875,113.0,113.875,1502600
2000-10-04,113.5,113.5625,108.625,109.4375,1757900
2000-10-05,109.75,115.9375,109.75,114.875,1853900
2000-10-06,113.375,113.625,105.4375,108.875,3625100
2000-10-09,107.0,107.625,103.6875,105.25,1612200
2000-10-10,105.3125,105.75,100.0,102.6875,2744500
2000-10-11,99.5,106.0,96.5625,104.0,5509500
2000-10-12,104.0,104.0,94.0625,94.3125,3723100
2000-10-13,94.3125,102.0,94.3125,101.5,2798700
2000-10-16,99.75,106.0625,98.5,103.625,3475400
2000-10-17,103.375,103.8125,96.25,99.25,2111700
2000-10-18,95.5,101.4375,91.875,98.0,4426400
2000-10-19,101.75,104.4375,99.75,100.5625,2322600
2000-10-20,100.5625,106.3125,99.75,104.9375,1707400
2000-10-23,104.6875,105.125,101.25,102.4375,2019600
2000-10-24,103.625,106.5,99.0,101.125,1904000
2000-10-25,99.375,100.375,95.75,96.1875,2166600
2000-10-26,96.1875,98.0,90.875,92.9375,2352000
2000-10-27,94.0,95.75,91.875,93.0,2097000
2000-10-30,92.75,98.4375,92.625,96.5,1803800
2000-10-31,95.5,101.4375,94.1875,99.8125,1863800
2000-11-01,96.75,97.75,94.5625,96.6875,2094600
2000-11-02,97.625,100.0,96.3125,99.25,1505800
2000-11-03,99.25,101.625,99.25,100.4375,1658600
2000-11-06,98.375,99.25,96.0,96.0625,1927800
2000-11-07,96.0625,97.0,93.0,93.75,1756700
2000-11-08,92.5,93.5,90.625,92.4375,2051000
2000-11-09,92.0,93.0,89.25,91.875,1845200
2000-11-10,89.0,91.625,87.125,89.1875,2604300
2000-11-13,86.375,87.9375,83.3125,86.375,3201700
2000-11-14,90.0,92.0,88.25,88.875,2167100
2000-11-15,87.25,92.25,87.0625,90.0625,1851400
2000-11-16,90.0625,93.375,88.875,91.4375,1223400
2000-11-17,91.1875,91.3125,86.5,88.0625,1398800
2000-11-20,88.0,88.1875,82.75,83.0,1663000
2000-11-21,82.0,84.75,79.625,84.1875,2066800
2000-11-22,82.875,83.125,79.25,79.9375,2296900
2000-11-24,80.75,82.5,80.6875,81.5,1086200
2000-11-27,82.5,83.5,81.0625,82.5,1883700
2000-11-28,83.75,84.25,80.5,80.5,1701300
2000-11-29,81.625,82.875,80.125,82.875,2329300
2000-11-30,81.875,82.4375,77.0,82.125,2514000
2000-12-01,82.125,85.375,81.6875,82.0,1380900
2000-12-04,80.5,82.9375,80.25,81.75,1601500
2000-12-05,84.0,89.875,83.375,88.75,3981000
2000-12-06,87.75,93.125,86.1875,87.75,3785000
2000-12-07,87.6875,88.6875,84.625,85.875,1555400
2000-12-08,88.0,92.0625,88.0,91.875,2063500
2000-12-11,91.625,96.375,91.375,96.0,3869700
2000-12-12,95.5,95.5625,91.75,92.4375,1789200
2000-12-13,93.125,95.375,91.8125,94.0625,2573500
2000-12-14,91.375,92.125,86.625,87.4375,3131400
2000-12-15,87.0,87.0,83.875,86.6875,2963100
2000-12-18,89.0,90.875,85.875,85.9375,3077600
2000-12-19,87.25,95.0,86.5,89.375,6007800
2000-12-20,87.75,93.125,87.75,90.0,3840500
2000-12-21,90.0,94.9375,88.6875,93.8125,3072000
2000-12-22,95.5,100.5625,94.0625,98.8125,2642900
2000-12-26,98.5,102.5625,97.375,101.8125,2198000
2000-12-27,100.5,102.9375,100.0,101.875,1782500
2000-12-28,101.0,107.5,101.0,107.125,2483600
2000-12-29,107.1875,108.375,106.3125,106.9375,2075000
2001-01-02,104.375,105.5,97.5,100.25,3202400
2001-01-03,100.0625,115.5,98.875,115.5,7355200
2001-01-04,113.75,116.75,111.0,112.75,5867200
2001-01-05,109.0,111.0,105.75,107.875,4328600
2001-01-08,106.5,107.3125,102.625,106.375,2169500
2001-01-09,107.625,108.5,103.3125,104.75,2295200
2001-01-10,102.25,108.9375,102.25,108.5,2716200
2001-01-11,108.5,112.125,107.5,110.5,3674000
2001-01-12,110.4375,110.875,108.75,108.75,1806000
2001-01-16,108.8125,113.0,108.0625,110.0,2267800
2001-01-17,109.75,114.875,109.3125,110.0,3212700
2001-01-18,109.5,109.875,107.25,107.5,2583900
2001-01-19,108.0,111.0,107.8125,110.9375,2760600
2001-01-22,110.9375,115.0,110.875,113.125,2783800
2001-01-23,114.25,116.25,114.0,116.0,3270900
2001-01-24,115.0,120.0,114.0,117.875,5110600
2001-01-25,117.875,117.875,113.125,113.5625,2724100
2001-01-26,113.0,115.0,111.5625,114.6875,2446000
2001-01-29,114.5,117.75,114.5,115.91000366210938,1630200
2001-01-30,116.9000015258789,118.69999694824219,114.05999755859375,118.62000274658203,1700000
2001-01-31,118.62000274658203,119.75,113.08000183105469,113.75,3500600
2001-02-01,114.9000015258789,118.5,114.5,118.19999694824219,2579800
2001-02-02,117.5999984741211,118.8499984741211,113.94999694824219,113.95999908447266,2158900
2001-02-05,113.75,114.0,111.25,112.0999984741211,2540100
2001-02-06,112.94999694824219,112.94999694824219,108.3499984741211,108.94999694824219,2246600
2001-02-07,109.4000015258789,109.94999694824219,104.08000183105469,105.19999694824219,3138200
2001-02-08,105.69999694824219,108.44999694824219,105.30000305175781,105.94999694824219,2716600
2001-02-09,105.0999984741211,109.0,103.0999984741211,107.75,2742100
2001-02-12,107.69999694824219,109.5,105.5,109.5,1952500
2001-02-13,109.9000015258789,110.6500015258789,105.0,105.9000015258789,2213400
2001-02-14,106.4000015258789,106.5,103.38999938964844,104.25,2401000
2001-02-15,105.94999694824219,108.25,103.69999694824219,107.19999694824219,3020000
2001-02-16,104.5,105.30000305175781,101.30000305175781,101.5,2620200
2001-02-20,102.0999984741211,102.11000061035156,94.3499984741211,96.0,3273600
2001-02-21,96.0,98.5999984741211,93.61000061035156,94.4000015258789,4273900
2001-02-22,94.41000366210938,97.5,91.26000213623047,97.19999694824219,4517900
2001-02-23,96.19999694824219,97.0999984741211,90.25,96.04000091552734,4350600
2001-02-26,96.1500015258789,98.5,92.62999725341797,98.30000305175781,3882100
2001-02-27,97.75,100.5,96.51000213623047,98.33999633789062,4132200
2001-02-28,97.0999984741211,97.11000061035156,91.2699966430664,91.75,4745600
2001-03-01,89.4000015258789,91.80000305175781,87.19999694824219,91.61000061035156,5330800
2001-03-02,90.30000305175781,93.5999984741211,89.0999984741211,91.4000015258789,4105500
2001-03-05,91.4000015258789,93.0,88.72000122070312,92.1500015258789,2837300
2001-03-06,93.94999694824219,97.5,93.3499984741211,95.3499984741211,3156800
2001-03-07,95.11000061035156,95.6500015258789,92.6500015258789,94.94999694824219,3780200
2001-03-08,94.8499984741211,95.69999694824219,90.6500015258789,91.75,3078300
2001-03-09,91.61000061035156,91.62000274658203,86.9000015258789,87.0,2968600
2001-03-12,86.05000305175781,86.5,81.56999969482422,82.48999786376953,4860800
2001-03-13,84.75,87.75,83.5,87.51000213623047,4596400
2001-03-14,84.9000015258789,87.88999938964844,83.11000061035156,83.91000366210938,6390800
2001-03-15,86.0,89.91000366210938,85.8499984741211,87.94999694824219,4706900
2001-03-16,90.5,91.0,87.05000305175781,87.55000305175781,4385300
2001-03-19,89.0,91.55000305175781,88.25,90.94000244140625,3205100
2001-03-20,92.0,92.5,87.05999755859375,87.05999755859375,7271300
2001-03-21,87.0999984741211,89.5,84.8499984741211,85.0,5204200
2001-03-22,84.75,88.5,81.0,85.91000366210938,5776900
2001-03-23,87.5,89.87999725341797,86.9000015258789,89.80999755859375,4026900
2001-03-26,89.80999755859375,92.5,88.56999969482422,89.23999786376953,3292600
2001-03-27,87.75,93.5,87.4000015258789,93.5,3700100
2001-03-28,92.0,92.0,86.5,87.25,4127400
2001-03-29,86.68000030517578,89.6500015258789,86.0,88.0999984741211,3472000
2001-03-30,87.9000015258789,89.47000122070312,85.0999984741211,85.0999984741211,2855900
2001-04-02,85.0999984741211,87.19999694824219,84.0,84.16000366210938,2939800
2001-04-03,84.0999984741211,84.9000015258789,80.9800033569336,81.30999755859375,3203600
2001-04-04,80.5999984741211,81.75,77.0,77.52999877929688,6130100
2001-04-05,80.0,86.0,79.9000015258789,86.0,5193500
2001-04-06,84.0,85.55999755859375,82.83999633789062,84.19999694824219,4452100
2001-04-09,85.75,87.25,82.61000061035156,84.0,2884500
2001-04-10,85.5999984741211,89.4800033569336,85.51000213623047,87.80999755859375,2955000
2001-04-11,91.5,91.94999694824219,89.5,91.30000305175781,3427000
2001-04-12,89.5999984741211,94.0,89.0999984741211,94.0,3024400
2001-04-16,94.0,94.25,91.77999877929688,91.77999877929688,2725300
2001-04-17,90.80000305175781,94.5,90.55000305175781,93.0999984741211,2838900
2001-04-18,95.25,102.5,95.0999984741211,99.6500015258789,5979300
2001-04-19,98.1500015258789,99.88999938964844,95.5,97.69000244140625,3918600
2001-04-20,95.5,96.44999694824219,94.5,95.66000366210938,2297300
2001-04-23,94.0,94.75,92.5,92.95999908447266,2063400
2001-04-24,92.69999694824219,93.73999786376953,91.1500015258789,91.4000015258789,2786500
2001-04-25,90.0,93.30000305175781,89.69999694824219,92.81999969482422,3109700
2001-04-26,92.81999969482422,96.0999984741211,91.5,92.48999786376953,4163200
2001-04-27,92.0,94.69000244140625,91.94999694824219,92.94000244140625,4054700
2001-04-30,95.08000183105469,95.08000183105469,91.0,91.0999984741211,2716800
2001-05-01,90.0,93.0999984741211,89.29000091552734,92.6500015258789,3781600
2001-05-02,94.4000015258789,98.5,93.94999694824219,98.0,4391200
2001-05-03,96.1500015258789,96.75,95.13999938964844,96.0,3092900
2001-05-04,94.0,97.80000305175781,93.80000305175781,97.19999694824219,3000400
2001-05-07,96.19999694824219,98.19999694824219,95.69000244140625,96.01000213623047,2135600
2001-05-08,96.0999984741211,96.55000305175781,95.0199966430664,95.25,1935100
2001-05-09,94.94000244140625,96.1500015258789,94.44999694824219,94.66000366210938,1931800
2001-05-10,95.91000366210938,97.6500015258789,94.48999786376953,94.51000213623047,1935600
2001-05-11,94.4000015258789,97.0,92.5,92.8499984741211,2591600
2001-05-14,92.4000015258789,94.25,92.27999877929688,94.0999984741211,1616200
2001-05-15,94.11000061035156,95.69999694824219,93.19999694824219,94.8499984741211,2560400
2001-05-16,94.5999984741211,99.94999694824219,92.5,99.94999694824219,3089700
2001-05-17,99.25,100.5999984741211,97.8499984741211,97.94999694824219,2270500
2001-05-18,97.9000015258789,97.9000015258789,96.75,97.25,1977200
2001-05-21,97.75,101.98999786376953,97.0,101.9000015258789,2332600
2001-05-22,102.5999984741211,105.1500015258789,102.30999755859375,103.29000091552734,2288500
2001-05-23,102.29000091552734,102.30000305175781,99.19999694824219,99.30000305175781,3134600
2001-05-24,99.0,100.25,98.05000305175781,99.8499984741211,1817000
2001-05-25,99.9000015258789,99.9000015258789,97.5199966430664,97.95999908447266,1234800
2001-05-29,97.5,97.5999984741211,95.20999908447266,96.87999725341797,2251400
2001-05-30,95.55000305175781,96.75,94.4000015258789,94.76000213623047,2355000
2001-05-31,94.55000305175781,95.8499984741211,94.48999786376953,95.0999984741211,1893200
2001-06-01,95.48999786376953,96.69999694824219,93.9000015258789,96.69999694824219,1920900
2001-06-04,96.19999694824219,96.9000015258789,95.25,96.51000213623047,1198400
2001-06-05,97.0999984741211,98.13999938964844,97.0,97.3499984741211,1376800
2001-06-06,96.30000305175781,96.30000305175781,94.69000244140625,95.54000091552734,1962000
2001-06-07,95.54000091552734,97.06999969482422,94.55999755859375,96.9000015258789,1536900
2001-06-08,96.9000015258789,96.9000015258789,95.25,95.36000061035156,924900
2001-06-11,95.19999694824219,95.6500015258789,91.9000015258789,92.01000213623047,2673700
2001-06-12,91.19999694824219,91.94999694824219,90.05999755859375,91.86000061035156,2592500
2001-06-13,91.55999755859375,92.9800033569336,89.06999969482422,89.16000366210938,2178300
2001-06-14,89.05000305175781,89.44999694824219,87.0,87.01000213623047,2714200
2001-06-15,86.75,90.0,86.05000305175781,89.29000091552734,3025300
2001-06-18,88.80000305175781,89.87999725341797,88.0,88.6500015258789,1799400
2001-06-19,90.5,91.5,87.75,88.18000030517578,4292900
2001-06-20,87.5999984741211,89.0,86.43000030517578,88.4000015258789,3849500
2001-06-21,87.75,93.51000213623047,87.75,93.0,3880900
2001-06-22,92.4000015258789,92.8499984741211,91.08999633789062,92.0999984741211,2606300
2001-06-25,92.8499984741211,92.8499984741211,90.5999984741211,90.94999694824219,1260700
2001-06-26,89.0,90.30000305175781,87.5,90.30000305175781,3260600
2001-06-27,89.01000213623047,91.5,87.5,87.5,3496800
2001-06-28,88.0999984741211,89.8499984741211,86.23999786376953,86.5999984741211,3007200
2001-06-29,87.0,87.23999786376953,84.5,85.80000305175781,4347900
2001-07-02,85.94999694824219,85.94999694824219,84.44999694824219,84.5999984741211,2441400
2001-07-03,84.5999984741211,85.1500015258789,83.75,84.0,1789700
2001-07-05,83.75,85.38999938964844,83.5,84.0,2055300
2001-07-06,83.75,83.75,81.69999694824219,83.0999984741211,2206600
2001-07-09,82.5999984741211,82.9000015258789,81.25,81.91000366210938,2765400
2001-07-10,82.25,82.8499984741211,81.13999938964844,81.5999984741211,2444600
2001-07-11,81.25,81.94999694824219,80.0,81.5999984741211,2863700
2001-07-12,83.5,86.8499984741211,83.08000183105469,86.55000305175781,3151600
2001-07-13,86.0,88.0,85.62000274658203,86.1500015258789,1880300
2001-07-16,85.9000015258789,87.13999938964844,82.0,83.4000015258789,2713000
2001-07-17,82.9000015258789,86.47000122070312,81.6500015258789,85.8499984741211,2687400
2001-07-18,83.8499984741211,85.0999984741211,82.30000305175781,84.0,2376100
2001-07-19,85.0,85.5,81.6500015258789,83.0,2470600
2001-07-20,82.8499984741211,83.80000305175781,82.05000305175781,82.94999694824219,2190000
2001-07-23,83.75,84.97000122070312,81.58999633789062,81.73999786376953,3210700
2001-07-24,81.30000305175781,82.55999755859375,80.75,81.8499984741211,2487700
2001-07-25,81.94999694824219,83.19999694824219,81.1500015258789,83.19999694824219,1863500
2001-07-26,82.80000305175781,85.0,81.80000305175781,84.63999938964844,2567400
2001-07-27,84.5199966430664,86.08000183105469,83.5999984741211,84.81999969482422,1770100
2001-07-30,83.8499984741211,84.75,82.05999755859375,82.69000244140625,2174700
2001-07-31,82.44999694824219,84.9000015258789,82.06999969482422,83.16000366210938,2308100
2001-08-01,83.5,85.9000015258789,83.4000015258789,85.3499984741211,2082200
2001-08-02,85.94999694824219,87.5,85.94000244140625,86.30000305175781,2010800
2001-08-03,86.0999984741211,86.5,84.8499984741211,85.5,1420400
2001-08-06,84.8499984741211,85.05000305175781,83.69999694824219,83.94999694824219,1228500
2001-08-07,83.68000030517578,84.18000030517578,82.7699966430664,83.54000091552734,1744000
2001-08-08,82.9000015258789,83.94999694824219,81.80000305175781,81.80000305175781,1921200
2001-08-09,80.5999984741211,80.76000213623047,78.94999694824219,80.05000305175781,3954300
2001-08-10,79.80999755859375,80.80000305175781,78.55000305175781,80.80000305175781,2591000
2001-08-13,80.1500015258789,82.58999633789062,79.94999694824219,82.19999694824219,2396800
2001-08-14,82.19999694824219,83.4000015258789,81.30000305175781,81.30000305175781,2258600
2001-08-15,81.5,82.16999816894531,80.80999755859375,81.8499984741211,2309300
2001-08-16,81.30000305175781,81.8499984741211,79.95999908447266,81.0999984741211,2545200
2001-08-17,80.05000305175781,80.1500015258789,77.05000305175781,77.25,4275400
2001-08-20,77.26000213623047,78.05999755859375,77.26000213623047,77.83999633789062,2560400
2001-08-21,77.83000183105469,79.69000244140625,75.4000015258789,75.4000015258789,3768800
2001-08-22,75.41000366210938,77.5,75.05000305175781,77.5,4084400
2001-08-23,77.2699966430664,77.9800033569336,76.80000305175781,77.69999694824219,2108800
2001-08-24,78.0,81.5,77.9000015258789,81.30000305175781,2903600
2001-08-27,81.30000305175781,82.80000305175781,80.5,81.9000015258789,2368800
2001-08-28,81.9000015258789,82.02999877929688,80.51000213623047,81.05000305175781,3512900
2001-08-29,81.05000305175781,81.55000305175781,79.80000305175781,80.80000305175781,2578800
2001-08-30,80.05000305175781,80.30000305175781,78.5,79.61000061035156,3152600
2001-08-31,79.69999694824219,81.4000015258789,79.01000213623047,80.0999984741211,2008900
2001-09-04,79.94999694824219,81.44999694824219,79.25,79.62000274658203,2620700
2001-09-05,80.6500015258789,81.4000015258789,78.0999984741211,78.55000305175781,3372100
2001-09-06,78.0,78.80000305175781,76.6500015258789,77.0999984741211,2891400
2001-09-07,77.0999984741211,77.4000015258789,74.0,74.4800033569336,3726700
2001-09-10,74.4800033569336,76.76000213623047,73.5,76.19999694824219,2558900
2001-09-17,72.30000305175781,72.30999755859375,68.58000183105469,69.4000015258789,5765800
2001-09-18,69.9000015258789,70.0,66.27999877929688,67.5,3562500
2001-09-19,67.80000305175781,68.5,63.27000045776367,67.51000213623047,5888500
2001-09-20,65.75,67.33999633789062,64.0999984741211,65.75,3923900
2001-09-21,65.76000213623047,68.25,63.290000915527344,67.69000244140625,5421300
2001-09-24,69.75,71.48999786376953,69.55999755859375,70.51000213623047,3071100
2001-09-25,70.5,72.2300033569336,69.5999984741211,70.02999877929688,3666700
2001-09-26,72.0,72.0,69.8499984741211,69.8499984741211,4862800
2001-09-27,69.8499984741211,69.8499984741211,66.93000030517578,68.9000015258789,4743900
2001-09-28,69.5999984741211,72.9000015258789,69.51000213623047,71.3499984741211,3247900
2001-10-01,71.36000061035156,74.5,71.0,73.5,3606900
2001-10-02,73.5999984741211,74.30000305175781,72.43000030517578,73.5999984741211,3034600
2001-10-03,73.3499984741211,76.94999694824219,72.87999725341797,76.69000244140625,3492500
2001-10-04,76.69999694824219,80.0,76.33000183105469,79.0,6241700
2001-10-05,79.01000213623047,79.01000213623047,75.87999725341797,76.25,5424500
2001-10-08,76.26000213623047,76.5999984741211,74.3499984741211,75.30000305175781,3023300
2001-10-09,75.4000015258789,78.1500015258789,75.0,77.93000030517578,2759300
2001-10-10,77.93000030517578,81.19999694824219,77.30000305175781,80.70999908447266,3811500
2001-10-11,82.0,85.3499984741211,82.0,83.8499984741211,6393700
2001-10-12,82.8499984741211,83.69999694824219,80.75,82.80000305175781,3623000
2001-10-15,82.55000305175781,85.08999633789062,81.5199966430664,84.4000015258789,3382300
2001-10-16,84.5999984741211,86.5,83.5999984741211,84.25,3315600
2001-10-17,85.5999984741211,86.06999969482422,82.05999755859375,82.06999969482422,3978900
2001-10-18,82.19999694824219,83.44999694824219,80.80999755859375,81.41000366210938,3086300
2001-10-19,81.05000305175781,81.05999755859375,79.1500015258789,79.75,3832200
2001-10-22,79.75,81.94000244140625,79.51000213623047,81.5999984741211,4297200
2001-10-23,81.61000061035156,83.0,81.4000015258789,81.5999984741211,2332100
2001-10-24,81.61000061035156,81.8499984741211,80.1500015258789,80.5,2523500
2001-10-25,79.69999694824219,81.5,78.6500015258789,81.4000015258789,3672800
2001-10-26,81.1500015258789,83.25,81.12000274658203,83.12000274658203,2734200
2001-10-29,83.12000274658203,83.12000274658203,80.8499984741211,80.8499984741211,2224900
2001-10-30,80.19999694824219,81.3499984741211,79.0999984741211,80.05000305175781,2467000
2001-10-31,81.1500015258789,81.5,78.0,78.16000366210938,3360800
2001-11-01,78.5,80.80000305175781,77.30999755859375,80.69999694824219,3166800
2001-11-02,80.5,82.44999694824219,80.30000305175781,82.25,2721800
2001-11-05,83.75,85.4000015258789,83.33000183105469,84.70999908447266,3141900
2001-11-06,84.4000015258789,86.5999984741211,84.0,86.5,3426500
2001-11-07,86.0,87.66000366210938,85.55000305175781,87.5,3268700
2001-11-08,87.69999694824219,88.80000305175781,86.58000183105469,86.69999694824219,2934000
2001-11-09,86.30000305175781,87.75,85.4000015258789,86.86000061035156,1373300
2001-11-12,86.86000061035156,88.0999984741211,85.5,88.0999984741211,2217300
2001-11-13,89.94999694824219,91.5,89.83999633789062,91.05000305175781,3791200
2001-11-14,92.75,92.75,90.5999984741211,91.5,3968800
2001-11-15,89.69000244140625,90.69999694824219,88.2300033569336,88.69999694824219,4265000
2001-11-16,88.5999984741211,88.8499984741211,87.5,87.75,2354900
2001-11-19,88.75,90.55000305175781,88.48999786376953,90.55000305175781,2483500
2001-11-20,90.05000305175781,91.23999786376953,89.19999694824219,89.75,1912900
2001-11-21,88.9000015258789,89.30000305175781,87.5,88.1500015258789,1806400
2001-11-23,88.80000305175781,90.4000015258789,88.63999938964844,90.1500015258789,837500
2001-11-26,90.05000305175781,91.94000244140625,80.80000305175781,91.44000244140625,1847400
2001-11-27,90.3499984741211,90.94999694824219,89.6500015258789,90.0,2477900
2001-11-28,89.5999984741211,89.79000091552734,86.5,86.80999755859375,3780000
2001-11-29,86.80999755859375,89.5999984741211,85.77999877929688,89.3499984741211,3860100
2001-11-30,88.75,89.3499984741211,87.55000305175781,89.0,2567900
2001-12-03,88.0,88.0,85.55000305175781,86.01000213623047,2880100
2001-12-04,87.0,87.66999816894531,85.7699966430664,87.16999816894531,2795000
2001-12-05,89.1500015258789,92.4000015258789,88.75,92.4000015258789,4415900
2001-12-06,92.4000015258789,95.16999816894531,92.05000305175781,93.9000015258789,4878900
2001-12-07,93.69999694824219,93.70999908447266,91.19999694824219,91.61000061035156,3220700
2001-12-10,91.5,92.19999694824219,90.9000015258789,91.3499984741211,1429700
2001-12-11,91.36000061035156,93.5999984741211,90.86000061035156,91.81999969482422,2705000
2001-12-12,91.8499984741211,92.80000305175781,90.80000305175781,92.7300033569336,2383700
2001-12-13,91.11000061035156,93.0199966430664,90.75,91.0,2442800
2001-12-14,91.0999984741211,91.75,88.5,89.66000366210938,3337900
2001-12-17,89.66000366210938,90.5,88.69999694824219,89.13999938964844,2026800
2001-12-18,89.13999938964844,90.8499984741211,88.69999694824219,90.80000305175781,2279700
2001-12-19,90.6500015258789,94.4800033569336,90.19999694824219,94.41000366210938,4382000
2001-12-20,94.0,94.73999786376953,92.01000213623047,92.30999755859375,3428700
2001-12-21,92.30999755859375,92.72000122070312,91.12000274658203,92.30999755859375,2180000
2001-12-24,92.30999755859375,92.76000213623047,92.01000213623047,92.47000122070312,758000
2001-12-26,92.41000366210938,93.69999694824219,92.0999984741211,92.80000305175781,1253200
2001-12-27,91.80000305175781,92.94999694824219,91.80000305175781,92.12000274658203,1705200
2001-12-28,92.69999694824219,93.79000091552734,92.33999633789062,93.2699966430664,1392600
2001-12-31,93.02999877929688,93.80000305175781,92.72000122070312,92.75,1228700
2002-01-02,92.80000305175781,92.80999755859375,89.2699966430664,91.06999969482422,3592600
2002-01-03,91.06999969482422,92.6500015258789,90.7699966430664,92.44999694824219,2645700
2002-01-04,94.3499984741211,96.77999877929688,94.3499984741211,96.75,5745900
2002-01-07,97.25,97.25,95.05000305175781,95.75,3136700
2002-01-08,93.25,93.55000305175781,92.19999694824219,92.5,5830800
2002-01-09,93.0,95.0199966430664,92.9000015258789,93.75,5142100
2002-01-10,93.75,94.19999694824219,92.5999984741211,93.0,3104600
2002-01-11,93.05000305175781,93.05000305175781,90.70999908447266,91.1500015258789,3635000
2002-01-14,91.0,91.01000213623047,89.20999908447266,89.97000122070312,3127400
2002-01-15,90.19999694824219,91.0,89.5,89.9000015258789,2779700
2002-01-16,89.0,89.75,88.02999877929688,88.62999725341797,3356600
2002-01-17,89.44999694824219,91.0,89.0999984741211,89.86000061035156,3029000
2002-01-18,89.0,89.80000305175781,88.20999908447266,89.20999908447266,2703600
2002-01-22,89.25,89.63999938964844,86.76000213623047,86.9800033569336,3138900
2002-01-23,87.0999984741211,88.37999725341797,85.77999877929688,87.25,3026600
2002-01-24,87.98999786376953,89.48999786376953,85.05999755859375,85.5,4284200
2002-01-25,85.38999938964844,88.68000030517578,85.3499984741211,87.30000305175781,4547500
2002-01-28,88.5,88.95999908447266,86.9000015258789,87.8499984741211,2791500
2002-01-29,88.80000305175781,88.80000305175781,83.6500015258789,84.4800033569336,5562400
2002-01-30,84.4800033569336,86.08999633789062,81.5999984741211,86.0,6734500
2002-01-31,86.5,87.19999694824219,84.66000366210938,86.9800033569336,4017700
2002-02-01,86.48999786376953,86.5,85.13999938964844,85.4000015258789,2869400
2002-02-04,84.19999694824219,84.5,81.5,82.5,4878400
2002-02-05,81.80000305175781,82.55999755859375,80.5199966430664,81.04000091552734,3495300
2002-02-06,81.0999984741211,82.30000305175781,80.11000061035156,81.9000015258789,4392100
2002-02-07,82.0,83.37000274658203,80.16999816894531,81.11000061035156,4107300
2002-02-08,81.9000015258789,84.5,81.63999938964844,83.80000305175781,3830700
2002-02-11,83.0999984741211,84.9800033569336,82.5999984741211,84.8499984741211,2537800
2002-02-12,84.69999694824219,84.70999908447266,83.4800033569336,83.5,2249600
2002-02-13,83.75,85.38999938964844,83.7300033569336,84.58000183105469,2525500
2002-02-14,85.44999694824219,86.5,84.5999984741211,85.11000061035156,3575400
2002-02-15,85.11000061035156,85.11000061035156,82.61000061035156,82.76000213623047,3673000
2002-02-19,82.76000213623047,82.7699966430664,78.1500015258789,78.5199966430664,6216300
2002-02-20,78.5,80.5999984741211,77.5199966430664,80.5999984741211,5059900
2002-02-21,80.0999984741211,82.80000305175781,79.0999984741211,79.47000122070312,3944600
2002-02-22,79.4800033569336,79.5,77.75,79.0,4342500
2002-02-25,79.69999694824219,82.0,78.77999877929688,81.95999908447266,3690900
2002-02-26,81.95999908447266,82.75,80.75,81.4000015258789,2792900
2002-02-27,82.05000305175781,83.19999694824219,80.25,80.88999938964844,3410600
2002-02-28,81.19999694824219,82.5,80.6500015258789,80.94000244140625,2704600
2002-03-01,81.5,83.66000366210938,80.8499984741211,83.47000122070312,3703200
2002-03-04,84.44999694824219,89.5,84.30000305175781,89.0999984741211,4760300
2002-03-05,89.0,90.5199966430664,88.0999984741211,89.5199966430664,4597900
2002-03-06,90.0999984741211,91.5,88.80000305175781,90.87000274658203,5212700
2002-03-07,91.4000015258789,92.25,89.30000305175781,89.95999908447266,3274000
2002-03-08,90.19999694824219,91.5999984741211,89.12000274658203,90.29000091552734,3537500
2002-03-11,90.29000091552734,91.5,89.63999938964844,90.69999694824219,2281900
2002-03-12,89.30000305175781,90.61000061035156,88.98999786376953,89.80000305175781,2705200
2002-03-13,89.80000305175781,89.80000305175781,87.62999725341797,88.0,2817500
2002-03-14,88.01000213623047,88.5999984741211,87.19999694824219,88.4000015258789,1857100
2002-03-15,88.94999694824219,90.02999877929688,88.25,90.0,1905900
2002-03-18,90.0,91.0,89.0,89.19999694824219,2595300
2002-03-19,90.94999694824219,91.4000015258789,90.30000305175781,91.05000305175781,3836000
2002-03-20,90.44999694824219,91.1500015258789,89.5,89.8499984741211,2511600
2002-03-21,89.5,91.0,88.69999694824219,90.3499984741211,2097700
2002-03-22,90.05000305175781,90.8499984741211,89.25,89.7300033569336,2064000
2002-03-25,89.8499984741211,90.19000244140625,87.94999694824219,88.02999877929688,2448400
2002-03-26,88.05000305175781,89.80000305175781,87.9800033569336,88.8499984741211,2990200
2002-03-27,89.7300033569336,89.87999725341797,88.69000244140625,89.30000305175781,2372600
2002-03-28,89.0999984741211,90.94999694824219,88.95999908447266,90.25,2696000
2002-04-01,89.4000015258789,89.44999694824219,88.0,88.47000122070312,2711500
2002-04-02,87.69999694824219,88.25,87.23999786376953,87.52999877929688,2226100
2002-04-03,87.75,87.9000015258789,86.08999633789062,86.45999908447266,2619200
2002-04-04,86.0999984741211,87.5,85.80000305175781,86.55000305175781,2075300
2002-04-05,87.25,87.87000274658203,86.0,86.1500015258789,2209900
2002-04-08,85.05000305175781,86.30000305175781,84.94999694824219,86.05999755859375,2538600
2002-04-09,85.8499984741211,86.8499984741211,84.51000213623047,84.5999984741211,2844800
2002-04-10,84.80000305175781,85.58999633789062,83.22000122070312,84.48999786376953,3825200
2002-04-11,83.9000015258789,84.0999984741211,80.3499984741211,81.23999786376953,5272100
2002-04-12,81.75,83.01000213623047,81.6500015258789,83.0,5215500
2002-04-15,82.52999877929688,83.44000244140625,81.44999694824219,81.5999984741211,2664100
2002-04-16,82.3499984741211,85.2300033569336,82.3499984741211,84.58999633789062,3260500
2002-04-17,84.62999725341797,86.47000122070312,83.94999694824219,85.05000305175781,2970700
2002-04-18,85.05999755859375,85.5,83.26000213623047,84.5199966430664,2494900
2002-04-19,85.0,87.0,84.63999938964844,86.30999755859375,3567900
2002-04-22,85.5,86.05000305175781,84.0999984741211,84.0999984741211,2826500
2002-04-23,84.19999694824219,84.3499984741211,81.5999984741211,81.5999984741211,3413800
2002-04-24,82.19999694824219,82.37999725341797,79.48999786376953,79.48999786376953,4664200
2002-04-25,79.0,79.5999984741211,75.80000305175781,77.20999908447266,5830000
2002-04-26,79.0,79.94999694824219,78.69999694824219,79.1500015258789,5930300
2002-04-29,79.16000366210938,80.69999694824219,77.47000122070312,78.5,4251500
2002-04-30,78.25,79.94999694824219,78.0,78.75,3802700
2002-05-01,78.55000305175781,79.75,77.0,79.20999908447266,4153900
2002-05-02,80.0,81.0,79.80000305175781,80.70999908447266,4576800
2002-05-03,80.30999755859375,80.31999969482422,78.44999694824219,78.55000305175781,3450400
2002-05-06,78.80000305175781,79.08999633789062,75.1500015258789,75.16000366210938,3258900
2002-05-07,76.0,76.0999984741211,74.0,74.8499984741211,4740400
2002-05-08,76.56999969482422,80.0999984741211,76.56999969482422,79.5,4604100
2002-05-09,78.9000015258789,79.5999984741211,78.30000305175781,78.63999938964844,3616700
2002-05-10,78.63999938964844,78.63999938964844,76.25,76.75,2895700
2002-05-13,76.6500015258789,78.48999786376953,75.97000122070312,78.11000061035156,2864100
2002-05-14,79.8499984741211,80.0999984741211,78.19999694824219,79.30000305175781,3574300
2002-05-15,79.19999694824219,80.5,78.62000274658203,79.45999908447266,3011500
2002-05-16,79.62999725341797,80.5,79.4000015258789,80.05000305175781,2797900
2002-05-17,80.69999694824219,80.8499984741211,79.7300033569336,80.5,3149600
2002-05-20,80.4000015258789,80.4800033569336,79.5999984741211,80.23999786376953,1968800
2002-05-21,80.58000183105469,82.0999984741211,78.76000213623047,79.19999694824219,3338600
2002-05-22,78.94999694824219,79.12000274658203,77.66000366210938,78.19999694824219,3699500
2002-05-23,78.75,79.44999694824219,77.8499984741211,79.16999816894531,3379600
2002-05-24,78.80000305175781,79.05999755859375,77.76000213623047,78.19000244140625,1150000
2002-05-28,78.30000305175781,78.38999938964844,75.80999755859375,76.9000015258789,2628600
2002-05-29,76.69999694824219,76.80000305175781,75.81999969482422,76.1500015258789,2049300
2002-05-30,76.1500015258789,76.30000305175781,74.25,75.08000183105469,3467600
2002-05-31,75.25,76.94000244140625,75.19999694824219,75.44999694824219,2759000
2002-06-03,75.44999694824219,75.80000305175781,73.38999938964844,73.79000091552734,3018900
2002-06-04,73.80000305175781,74.5999984741211,73.13999938964844,73.80000305175781,4054500
2002-06-05,74.80000305175781,75.75,74.36000061035156,75.75,3781800
2002-06-06,75.55000305175781,76.0,73.33000183105469,73.94999694824219,2711600
2002-06-07,72.75,74.95999908447266,72.5,73.94999694824219,3165700
2002-06-10,74.25,75.5999984741211,73.19999694824219,74.73999786376953,2265700
2002-06-11,75.0,75.33000183105469,72.0999984741211,72.0999984741211,2176300
2002-06-12,72.0999984741211,72.75,70.0999984741211,72.5,4614700
2002-06-13,72.37999725341797,72.91000366210938,71.1500015258789,71.30000305175781,2234200
2002-06-14,70.11000061035156,73.19999694824219,70.0,72.8499984741211,3239700
2002-06-17,73.19999694824219,75.5,73.19999694824219,75.33999633789062,3078200
2002-06-18,75.0,77.0199966430664,73.88999938964844,75.77999877929688,2993400
2002-06-19,74.9000015258789,75.69000244140625,74.02999877929688,74.44999694824219,2671000
2002-06-20,73.8499984741211,74.1500015258789,72.25,72.69999694824219,3556400
2002-06-21,72.70999908447266,72.9000015258789,70.1500015258789,70.55000305175781,4400100
2002-06-24,70.5999984741211,72.06999969482422,69.37999725341797,71.44999694824219,5527100
2002-06-25,72.44999694824219,73.70999908447266,71.3499984741211,71.3499984741211,5773000
2002-06-26,69.3499984741211,71.25,69.02999877929688,70.80000305175781,5441300
2002-06-27,72.0,73.0,70.66999816894531,73.0,4063800
2002-06-28,72.5,74.4000015258789,72.5,73.3499984741211,3451600
2002-07-01,73.75,74.2699966430664,71.0,71.13999938964844,3114800
2002-07-02,70.5199966430664,71.4000015258789,69.91000366210938,70.69999694824219,3978400
2002-07-03,69.91000366210938,70.94999694824219,69.0999984741211,70.19999694824219,3413900
2002-07-05,71.75,74.19999694824219,71.47000122070312,73.94999694824219,2084900
2002-07-08,73.75,74.98999786376953,73.05000305175781,73.5999984741211,3157000
2002-07-09,73.0999984741211,74.25,70.83000183105469,70.91000366210938,4185300
2002-07-10,73.3499984741211,74.4000015258789,70.98999786376953,71.55000305175781,11826900
2002-07-11,71.51000213623047,73.25,69.93000030517578,73.25,8892300
2002-07-12,72.75,73.7699966430664,72.12000274658203,73.1500015258789,4583400
2002-07-15,73.06999969482422,73.0999984741211,70.41999816894531,72.94999694824219,5979800
2002-07-16,71.52999877929688,73.1500015258789,71.4000015258789,72.6500015258789,6129200
2002-07-17,76.62999725341797,76.62999725341797,71.7300033569336,74.4800033569336,7505700
2002-07-18,74.48999786376953,76.01000213623047,74.19999694824219,75.5999984741211,8952500
2002-07-19,74.30000305175781,77.0,70.95999908447266,77.0,55185900
2002-07-22,74.5,74.69999694824219,71.8499984741211,72.0,18432400
2002-07-23,71.55000305175781,71.70999908447266,67.22000122070312,67.7300033569336,14447700
2002-07-24,67.7300033569336,71.29000091552734,65.55000305175781,70.8499984741211,12852000
2002-07-25,69.9000015258789,71.8499984741211,67.30000305175781,69.30999755859375,8214700
2002-07-26,69.5,69.9000015258789,68.19999694824219,69.58000183105469,5700700
2002-07-29,71.55000305175781,72.69999694824219,71.0999984741211,72.69999694824219,5980700
2002-07-30,72.19999694824219,75.1500015258789,72.05000305175781,73.9000015258789,5524200
2002-07-31,73.91000366210938,74.48999786376953,72.0999984741211,73.1500015258789,5047700
2002-08-01,73.1500015258789,74.18000030517578,71.7300033569336,71.98999786376953,3826900
2002-08-02,71.5,72.0,69.75,70.48999786376953,3932600
2002-08-05,70.48999786376953,70.48999786376953,67.75,68.05000305175781,4555300
2002-08-06,69.3499984741211,71.4800033569336,68.75,69.9000015258789,5498900
2002-08-07,70.8499984741211,71.44000244140625,68.9000015258789,70.94999694824219,5223800
2002-08-08,71.0999984741211,74.9000015258789,70.94999694824219,74.30000305175781,5175000
2002-08-09,73.69999694824219,75.87999725341797,73.12999725341797,75.44999694824219,4399600
2002-08-12,74.75,75.80000305175781,73.79000091552734,75.3499984741211,4323900
2002-08-13,75.2300033569336,77.9000015258789,74.20999908447266,74.79000091552734,7971500
2002-08-14,74.79000091552734,78.75,74.41999816894531,78.5,7010600
2002-08-15,79.0,79.9000015258789,77.80999755859375,79.55000305175781,7417400
2002-08-16,79.1500015258789,80.13999938964844,78.0999984741211,79.52999877929688,5253900
2002-08-19,79.52999877929688,81.97000122070312,79.2300033569336,81.5,4848700
2002-08-20,81.25,81.3499984741211,79.83000183105469,80.51000213623047,4701400
2002-08-21,79.94999694824219,80.0,78.4000015258789,79.87999725341797,5257300
2002-08-22,79.6500015258789,79.98999786376953,78.69999694824219,79.91000366210938,3525000
2002-08-23,79.0999984741211,79.0999984741211,77.51000213623047,78.30000305175781,2529800
2002-08-26,78.8499984741211,79.94999694824219,77.55000305175781,79.75,2462400
2002-08-27,80.02999877929688,80.73999786376953,78.68000030517578,79.0999984741211,3730600
2002-08-28,78.30000305175781,78.36000061035156,76.30000305175781,77.08000183105469,4212500
2002-08-29,75.75,77.8499984741211,75.5,77.37999725341797,3967100
2002-08-30,77.37999725341797,79.0999984741211,76.69999694824219,77.30000305175781,2988400
2002-09-03,76.05999755859375,76.0999984741211,73.5,73.75,5698000
2002-09-04,73.75,75.73999786376953,73.26000213623047,75.5,5099900
2002-09-05,73.30000305175781,73.98999786376953,72.04000091552734,72.88999938964844,7152200
2002-09-06,74.0,74.5,72.18000030517578,72.33999633789062,4495800
2002-09-09,71.69999694824219,74.9000015258789,71.29000091552734,74.30000305175781,4644100
2002-09-10,74.25,74.25,73.11000061035156,73.41000366210938,2995400
2002-09-11,74.75,75.25,73.44999694824219,73.69000244140625,2877900
2002-09-12,73.1500015258789,73.4800033569336,72.05999755859375,72.19999694824219,3514100
2002-09-13,72.05000305175781,73.30000305175781,71.8499984741211,73.0,3015400
2002-09-16,72.80000305175781,72.80999755859375,71.81999969482422,72.5999984741211,2142200
2002-09-17,73.44999694824219,73.69000244140625,70.69000244140625,70.87000274658203,4528400
2002-09-18,69.5,70.98999786376953,69.0999984741211,70.41000366210938,5394800
2002-09-19,69.37999725341797,69.38999938964844,67.0999984741211,67.1500015258789,6025500
2002-09-20,67.3499984741211,68.19999694824219,66.30000305175781,67.36000061035156,5547300
2002-09-23,66.0999984741211,66.19999694824219,64.5,65.66999816894531,6611700
2002-09-24,65.66999816894531,68.5,65.66999816894531,66.30999755859375,7503500
2002-09-25,67.25,67.44999694824219,64.5,67.44999694824219,6753300
2002-09-26,67.44999694824219,68.48999786376953,66.5199966430664,68.04000091552734,4668600
2002-09-27,67.55000305175781,68.88999938964844,66.0,66.12999725341797,4589500
2002-09-30,65.94999694824219,66.73999786376953,64.48999786376953,66.02999877929688,6261500
2002-10-01,66.5,68.80000305175781,65.08000183105469,68.44999694824219,5385500
2002-10-02,68.45999908447266,68.45999908447266,65.4000015258789,65.55000305175781,6330000
2002-10-03,65.4000015258789,65.41000366210938,62.75,62.900001525878906,7632400
2002-10-04,63.25,63.900001525878906,61.16999816894531,62.04999923706055,6589200
2002-10-07,61.54999923706055,62.349998474121094,59.400001525878906,59.529998779296875,6671000
2002-10-08,60.45000076293945,62.5,58.79999923706055,61.599998474121094,6731400
2002-10-09,60.29999923706055,61.20000076293945,58.849998474121094,59.279998779296875,6286300
2002-10-10,59.27000045776367,61.63999938964844,58.56999969482422,61.08000183105469,6496500
2002-10-11,62.70000076293945,65.13999938964844,62.70000076293945,64.19999694824219,6291000
2002-10-14,63.599998474121094,65.81999969482422,63.40999984741211,65.30000305175781,4544900
2002-10-15,68.0,70.11000061035156,67.25,70.0,8429200
2002-10-16,69.0,69.3499984741211,67.5,68.0,6362800
2002-10-17,70.69000244140625,72.4800033569336,70.25,72.4800033569336,7545300
2002-10-18,70.8499984741211,72.4000015258789,70.0199966430664,70.55000305175781,6406100
2002-10-21,70.0,74.83999633789062,69.4000015258789,74.69999694824219,8094700
2002-10-22,72.7300033569336,73.87000274658203,72.1500015258789,72.5,4943700
2002-10-23,71.8499984741211,74.30999755859375,71.27999877929688,74.2699966430664,4837100
2002-10-24,74.2699966430664,74.9000015258789,71.94000244140625,72.5,4184700
2002-10-25,72.5,74.25,72.0,73.98999786376953,3831800
2002-10-28,74.9000015258789,75.3499984741211,73.22000122070312,73.58000183105469,3720600
2002-10-29,73.48999786376953,73.69000244140625,71.19999694824219,72.37000274658203,6480400
2002-10-30,72.36000061035156,72.94000244140625,71.5,72.36000061035156,4184800
2002-10-31,72.36000061035156,72.75,71.51000213623047,71.5999984741211,2815700
2002-11-01,71.5999984741211,74.23999786376953,71.0,73.44999694824219,3859700
2002-11-04,74.9800033569336,78.0,73.44999694824219,75.95999908447266,6394800
2002-11-05,75.95999908447266,76.9800033569336,75.4000015258789,76.73999786376953,3444500
2002-11-06,76.73999786376953,77.0999984741211,74.79000091552734,76.55000305175781,5795400
2002-11-07,76.55999755859375,78.5,73.5999984741211,74.05000305175781,4406900
2002-11-08,74.0999984741211,74.94999694824219,72.83000183105469,73.08000183105469,2810500
2002-11-11,73.08999633789062,73.0999984741211,71.30999755859375,71.77999877929688,3222000
2002-11-12,71.77999877929688,73.08000183105469,71.27999877929688,72.06999969482422,3742600
2002-11-13,72.06999969482422,73.05000305175781,71.1500015258789,72.48999786376953,4128900
2002-11-14,73.4000015258789,75.1500015258789,73.4000015258789,74.98999786376953,3404000
2002-11-15,74.98999786376953,75.63999938964844,73.36000061035156,75.25,4074800
2002-11-18,75.69999694824219,76.58999633789062,74.94999694824219,75.41999816894531,4271100
2002-11-19,75.43000030517578,76.4000015258789,74.5199966430664,75.08000183105469,2429300
2002-11-20,75.08999633789062,77.9000015258789,74.52999877929688,77.41000366210938,3704200
2002-11-21,77.75,81.0,77.75,79.94999694824219,6904100
2002-11-22,79.01000213623047,80.27999877929688,79.0,79.11000061035156,3367500
2002-11-25,79.12000274658203,79.9000015258789,77.77999877929688,79.0,3859400
2002-11-26,79.01000213623047,79.01000213623047,76.61000061035156,76.83000183105469,3379000
2002-11-27,77.4000015258789,80.3499984741211,77.4000015258789,79.63999938964844,3681900
2002-11-29,79.6500015258789,80.0,78.80999755859375,78.87000274658203,1176800
2002-12-02,78.87999725341797,80.9000015258789,78.16000366210938,78.77999877929688,3595200
2002-12-03,78.79000091552734,78.88999938964844,77.6500015258789,78.5,3521300
2002-12-04,78.51000213623047,78.51000213623047,75.5,76.3499984741211,5014400
2002-12-05,75.8499984741211,76.31999969482422,74.05000305175781,74.44999694824219,3153700
2002-12-06,73.0999984741211,75.19999694824219,73.01000213623047,74.5,4222000
2002-12-09,74.51000213623047,74.51000213623047,72.52999877929688,73.44999694824219,3096700
2002-12-10,73.51000213623047,74.86000061035156,72.56999969482422,74.0,3444100
2002-12-11,74.01000213623047,74.47000122070312,72.83999633789062,73.47000122070312,2576100
2002-12-12,73.63999938964844,74.69000244140625,73.1500015258789,74.2300033569336,2533100
2002-12-13,74.23999786376953,74.23999786376953,72.66999816894531,73.0999984741211,2396900
2002-12-16,73.0999984741211,74.77999877929688,73.04000091552734,74.52999877929688,3449100
2002-12-17,74.30000305175781,75.75,74.1500015258789,74.69000244140625,2768200
2002-12-18,74.0999984741211,74.8499984741211,72.69999694824219,73.69999694824219,3051500
2002-12-19,73.69999694824219,74.23999786376953,70.0199966430664,70.30000305175781,7784500
2002-12-20,70.5,72.4000015258789,70.5,71.86000061035156,6796800
2002-12-23,71.02999877929688,71.55999755859375,70.36000061035156,70.6500015258789,2713800
2002-12-24,70.66000366210938,70.66000366210938,69.05999755859375,69.37000274658203,2116300
2002-12-26,69.80000305175781,70.63999938964844,69.33000183105469,69.55000305175781,2056700
2002-12-27,69.55999755859375,69.9000015258789,67.5199966430664,67.91999816894531,2594400
2002-12-30,68.25,68.55999755859375,67.0,68.13999938964844,3156200
2002-12-31,68.19999694824219,68.44999694824219,67.2300033569336,68.0999984741211,2286100
2003-01-02,68.0999984741211,70.80000305175781,68.0,69.6500015258789,4025400
2003-01-03,69.66000366210938,70.5999984741211,69.62000274658203,70.37999725341797,2342800
2003-01-06,70.0199966430664,73.44000244140625,70.0,73.0,4337600
2003-01-07,72.0999984741211,73.5,71.5,72.69999694824219,4606900
2003-01-08,72.70999908447266,72.7699966430664,70.68000030517578,70.91999816894531,3265200
2003-01-09,72.5,73.80000305175781,71.69999694824219,73.72000122070312,3924000
2003-01-10,72.98999786376953,75.75,72.80000305175781,74.91999816894531,5156300
2003-01-13,75.19999694824219,75.73999786376953,74.19999694824219,74.41999816894531,3096400
2003-01-14,73.9000015258789,75.5999984741211,73.5199966430664,74.69999694824219,2850200
2003-01-15,74.33000183105469,74.55000305175781,73.12999725341797,73.51000213623047,3401000
2003-01-16,73.44999694824219,74.4000015258789,73.1500015258789,73.62000274658203,3552900
2003-01-17,73.62999725341797,73.62999725341797,71.95999908447266,72.58000183105469,4294400
2003-01-21,73.0,73.3499984741211,71.0,71.0,3094300
2003-01-22,71.01000213623047,71.55999755859375,70.01000213623047,70.25,3137900
2003-01-23,71.0,72.19999694824219,70.30999755859375,71.91999816894531,3456400
2003-01-24,71.4000015258789,71.91999816894531,68.58999633789062,69.1500015258789,4135700
2003-01-27,68.75,69.6500015258789,67.69000244140625,68.4000015258789,3978400
2003-01-28,68.41000366210938,69.54000091552734,67.7699966430664,69.05000305175781,3276600
2003-01-29,69.05999755859375,70.01000213623047,67.5,69.51000213623047,3779200
2003-01-30,69.5199966430664,69.7699966430664,67.26000213623047,67.4000015258789,3152200
2003-01-31,67.13999938964844,68.8499984741211,66.94999694824219,68.0999984741211,4561800
2003-02-03,68.0999984741211,69.75,68.0999984741211,69.25,3164500
2003-02-04,69.26000213623047,69.26000213623047,67.04000091552734,67.5199966430664,3723200
2003-02-05,67.52999877929688,68.9800033569336,67.41000366210938,67.41000366210938,3566500
2003-02-06,67.41999816894531,67.9000015258789,66.5199966430664,66.6500015258789,3651600
2003-02-07,66.66000366210938,67.75,65.48999786376953,65.69999694824219,3519900
2003-02-10,65.69999694824219,66.25,64.68000030517578,65.73999786376953,3764900
2003-02-11,66.30000305175781,66.95999908447266,64.83000183105469,65.05000305175781,3837700
2003-02-12,65.05999755859375,66.05000305175781,64.04000091552734,64.30000305175781,3376400
2003-02-13,64.4000015258789,65.30000305175781,63.75,64.91999816894531,3704700
2003-02-14,65.0,66.69999694824219,64.30000305175781,66.69999694824219,4641100
2003-02-18,67.23999786376953,68.88999938964844,67.19999694824219,68.0,3094400
2003-02-19,68.01000213623047,68.4000015258789,67.37000274658203,68.2300033569336,3237300
2003-02-20,68.4000015258789,68.7699966430664,67.61000061035156,67.73999786376953,2627300
2003-02-21,67.73999786376953,68.80000305175781,66.91999816894531,68.5,3929700
2003-02-24,68.51000213623047,68.51000213623047,66.0,66.19999694824219,3699700
2003-02-25,66.19999694824219,66.83000183105469,64.8499984741211,66.58999633789062,4219700
2003-02-26,66.58999633789062,66.95999908447266,65.73999786376953,66.4800033569336,3781300
2003-02-27,66.69999694824219,68.0,66.30999755859375,67.69000244140625,3784900
2003-02-28,67.9000015258789,69.44999694824219,67.80000305175781,69.44999694824219,4339200
2003-03-03,69.44999694824219,70.55000305175781,67.73999786376953,68.0199966430664,4351200
2003-03-04,68.0199966430664,68.0199966430664,65.69000244140625,65.69000244140625,5546500
2003-03-05,65.80000305175781,67.0999984741211,65.56999969482422,66.30000305175781,5803600
2003-03-06,65.77999877929688,66.01000213623047,65.08000183105469,65.5999984741211,4216700
2003-03-07,64.16000366210938,66.9800033569336,64.16000366210938,66.68000030517578,4778400
2003-03-10,66.69000244140625,66.69000244140625,63.90999984741211,64.33999633789062,4335200
2003-03-11,64.33999633789062,65.19000244140625,62.91999816894531,62.95000076293945,4190400
2003-03-12,62.959999084472656,62.97999954223633,61.02000045776367,62.849998474121094,8550000
2003-03-13,63.29999923706055,66.88999938964844,63.29999923706055,66.77999877929688,7046700
2003-03-14,66.77999877929688,67.56999969482422,66.0,66.62000274658203,4670000
2003-03-17,66.62000274658203,69.33999633789062,65.91000366210938,68.9000015258789,6144200
2003-03-18,68.9000015258789,69.72000122070312,68.20999908447266,69.58000183105469,5054000
2003-03-19,69.80000305175781,70.9800033569336,68.79000091552734,70.2699966430664,6370000
2003-03-20,69.9800033569336,70.47000122070312,68.16999816894531,70.08000183105469,6615800
2003-03-21,70.36000061035156,72.0999984741211,69.81999969482422,72.0999984741211,6861800
2003-03-24,72.0999984741211,72.0999984741211,69.61000061035156,69.91999816894531,5603800
2003-03-25,70.0999984741211,71.29000091552734,69.80000305175781,70.69000244140625,4289600
2003-03-26,70.69000244140625,71.48999786376953,70.52999877929688,71.05000305175781,3662500
2003-03-27,70.75,71.02999877929688,69.87000274658203,70.58000183105469,4050900
2003-03-28,70.58000183105469,70.94000244140625,69.87000274658203,70.11000061035156,2553300
2003-03-31,68.01000213623047,69.5,68.0,68.08000183105469,4591300
2003-04-01,68.4800033569336,70.02999877929688,68.05999755859375,69.62000274658203,4231600
2003-04-02,71.5,72.87000274658203,71.05000305175781,72.4000015258789,7036500
2003-04-03,72.25,73.30000305175781,71.69999694824219,72.3499984741211,4748300
2003-04-04,72.3499984741211,72.93000030517578,71.8499984741211,72.05999755859375,3704800
2003-04-07,73.5,74.1500015258789,72.12000274658203,72.30999755859375,4627000
2003-04-08,72.30999755859375,73.0,71.38999938964844,72.69999694824219,3343200
2003-04-09,72.69999694824219,73.75,71.86000061035156,71.91000366210938,4197600
2003-04-10,71.91999816894531,72.58999633789062,71.5999984741211,72.3499984741211,3458700
2003-04-11,72.61000061035156,73.44000244140625,71.80999755859375,72.41999816894531,2858600
2003-04-14,72.41999816894531,74.5,72.31999969482422,74.48999786376953,3678500
2003-04-15,74.48999786376953,76.5999984741211,73.70999908447266,76.54000091552734,6723400
2003-04-16,76.55000305175781,77.19999694824219,74.86000061035156,75.19999694824219,6181600
2003-04-17,75.19999694824219,76.48999786376953,74.83000183105469,76.0999984741211,4484200
2003-04-21,76.0999984741211,76.81999969482422,75.9000015258789,76.3499984741211,3176100
2003-04-22,76.3499984741211,78.38999938964844,74.91999816894531,78.33000183105469,5508800
2003-04-23,78.33000183105469,78.9000015258789,77.44000244140625,78.43000030517578,4008300
2003-04-24,78.43000030517578,78.43000030517578,76.5999984741211,77.3499984741211,3307100
2003-04-25,77.2300033569336,77.37000274658203,75.5,75.87000274658203,2820700
2003-04-28,76.37000274658203,77.19999694824219,75.51000213623047,76.51000213623047,3606000
2003-04-29,76.51000213623047,78.0,75.26000213623047,76.44999694824219,5327400
2003-04-30,76.23999786376953,76.87000274658203,75.62999725341797,75.9000015258789,3968900
2003-05-01,75.9000015258789,75.9000015258789,74.5,75.33000183105469,4106200
2003-05-02,75.33000183105469,76.9800033569336,74.0199966430664,76.5999984741211,4131500
2003-05-05,76.5999984741211,77.18000030517578,75.94999694824219,76.48999786376953,3548700
2003-05-06,76.48999786376953,77.91999816894531,76.01000213623047,77.19999694824219,3850100
2003-05-07,76.41999816894531,77.87999725341797,76.25,77.19999694824219,3728100
2003-05-08,77.20999908447266,77.20999908447266,74.0,74.05999755859375,7119900
2003-05-09,74.05999755859375,75.02999877929688,74.0199966430664,75.0,3849200
2003-05-12,75.0,76.0,74.23999786376953,75.48999786376953,3895100
2003-05-13,74.55000305175781,75.91000366210938,74.55000305175781,74.94999694824219,4053300
2003-05-14,75.0,75.3499984741211,74.3499984741211,74.94999694824219,3434300
2003-05-15,74.6500015258789,76.19999694824219,74.6500015258789,76.0999984741211,4318500
2003-05-16,75.19999694824219,76.9000015258789,75.19999694824219,76.69999694824219,4444000
2003-05-19,76.69999694824219,76.69999694824219,74.3499984741211,74.3499984741211,3981600
2003-05-20,74.4000015258789,74.80999755859375,73.22000122070312,74.44999694824219,4447500
2003-05-21,74.4000015258789,75.23999786376953,73.69999694824219,75.0999984741211,3241500
2003-05-22,75.3499984741211,76.37000274658203,75.27999877929688,76.02999877929688,3193500
2003-05-23,76.02999877929688,76.5199966430664,75.8499984741211,76.1500015258789,2052500
2003-05-27,76.1500015258789,78.73999786376953,75.22000122070312,78.4800033569336,4096000
2003-05-28,78.4800033569336,79.9000015258789,78.44999694824219,79.9000015258789,4746800
2003-05-29,79.91000366210938,81.08000183105469,79.31999969482422,79.58999633789062,5041500
2003-05-30,79.8499984741211,81.66999816894531,79.83000183105469,81.5,3850100
2003-06-02,81.5,84.4800033569336,81.5,83.54000091552734,7151600
2003-06-03,83.5,83.91000366210938,82.70999908447266,83.0,4236300
2003-06-04,82.55999755859375,85.58999633789062,82.55000305175781,85.25,4663300
2003-06-05,85.25,87.48999786376953,84.55000305175781,87.30000305175781,5971400
2003-06-06,88.25,89.5,87.5,88.69999694824219,9050400
2003-06-09,88.30000305175781,88.69999694824219,87.0999984741211,87.54000091552734,4954800
2003-06-10,87.9000015258789,88.9000015258789,87.23999786376953,88.69999694824219,4662700
2003-06-11,88.69999694824219,89.88999938964844,88.2699966430664,89.73999786376953,5230300
2003-06-12,89.73999786376953,90.5,89.16999816894531,90.3499984741211,4612900
2003-06-13,90.3499984741211,90.69999694824219,88.80999755859375,89.16999816894531,4594100
2003-06-16,90.0,91.5,89.55999755859375,91.5,4889800
2003-06-17,91.5,91.9800033569336,90.69999694824219,91.5,3906200
2003-06-18,90.0999984741211,90.41000366210938,88.4000015258789,88.9000015258789,5603300
2003-06-19,88.9000015258789,89.25,85.44999694824219,85.91999816894531,5506700
2003-06-20,86.75,87.4000015258789,86.01000213623047,86.25,3792200
2003-06-23,86.25,86.25,84.5999984741211,85.27999877929688,3513300
2003-06-24,85.80000305175781,87.05999755859375,85.66000366210938,86.5999984741211,3866900
2003-06-25,85.87000274658203,86.4000015258789,84.62000274658203,84.77999877929688,7199400
2003-06-26,85.0,85.5999984741211,83.30999755859375,84.1500015258789,6423200
2003-06-27,84.16000366210938,84.5999984741211,82.05000305175781,82.37999725341797,5158400
2003-06-30,83.0999984741211,83.75,82.19999694824219,83.75,5715700
2003-07-01,83.75,85.8499984741211,82.36000061035156,85.8499984741211,6162300
2003-07-02,85.30999755859375,86.19999694824219,84.58999633789062,85.4000015258789,5484800
2003-07-03,83.2699966430664,85.22000122070312,83.2699966430664,84.69999694824219,2837600
2003-07-07,85.69999694824219,88.20999908447266,85.5999984741211,87.73999786376953,4436600
2003-07-08,87.75,88.4000015258789,87.0999984741211,88.05999755859375,3994900
2003-07-09,88.06999969482422,88.6500015258789,87.56999969482422,88.2300033569336,4381900
2003-07-10,88.2300033569336,88.2300033569336,86.0,86.55000305175781,3643900
2003-07-11,86.98999786376953,87.94999694824219,86.61000061035156,87.31999969482422,3028300
2003-07-14,87.33000183105469,90.3499984741211,87.33000183105469,89.44000244140625,5519000
2003-07-15,89.94999694824219,90.26000213623047,87.8499984741211,88.0199966430664,5177400
2003-07-16,88.75,88.75,86.7699966430664,87.26000213623047,3544200
2003-07-17,86.94999694824219,87.0,85.86000061035156,86.44000244140625,3178300
2003-07-18,86.44000244140625,87.69999694824219,85.7699966430664,87.69000244140625,2949400
2003-07-21,87.58999633789062,87.69000244140625,85.19999694824219,85.69999694824219,2958400
2003-07-22,85.94999694824219,86.80999755859375,85.20999908447266,86.16000366210938,3244700
2003-07-23,86.30000305175781,86.41999816894531,85.27999877929688,86.0999984741211,2417900
2003-07-24,86.87000274658203,87.0999984741211,85.4000015258789,85.4000015258789,2893700
2003-07-25,85.37000274658203,86.77999877929688,84.75,86.41999816894531,3025400
2003-07-28,86.45999908447266,87.30000305175781,86.27999877929688,86.5,2211400
2003-07-29,86.5,87.83999633789062,85.9800033569336,86.83000183105469,3983000
2003-07-30,87.05000305175781,87.3499984741211,86.11000061035156,86.94999694824219,3306300
2003-07-31,87.94999694824219,89.0999984741211,87.04000091552734,87.13999938964844,4138500
2003-08-01,86.94999694824219,87.05000305175781,84.94000244140625,85.0999984741211,3897500
2003-08-04,85.0999984741211,85.55000305175781,83.43000030517578,84.6500015258789,4024700
2003-08-05,84.8499984741211,85.4800033569336,82.9000015258789,82.9000015258789,3488600
2003-08-06,83.0,85.12999725341797,82.95999908447266,84.05000305175781,4479100
2003-08-07,84.05999755859375,84.77999877929688,83.55000305175781,84.75,2808700
2003-08-08,85.20999908447266,86.0999984741211,85.19999694824219,85.81999969482422,2859900
2003-08-11,85.80999755859375,85.98999786376953,84.68000030517578,85.76000213623047,2574600
2003-08-12,85.7699966430664,87.68000030517578,85.7699966430664,87.68000030517578,3216100
2003-08-13,87.9000015258789,88.0,86.87999725341797,87.4000015258789,3118200
2003-08-14,87.16000366210938,88.05000305175781,86.44999694824219,87.94999694824219,2885400
2003-08-15,87.95999908447266,88.23999786376953,87.06999969482422,87.76000213623047,991200
2003-08-18,87.76000213623047,88.7300033569336,86.87000274658203,88.2699966430664,2899000
2003-08-19,88.31999969482422,89.0999984741211,87.9000015258789,89.02999877929688,2410300
2003-08-20,88.4000015258789,88.68000030517578,87.5999984741211,87.69999694824219,2535400
2003-08-21,88.25,88.58000183105469,87.38999938964844,88.0999984741211,2170400
2003-08-22,89.0999984741211,89.0999984741211,86.88999938964844,86.98999786376953,2836200
2003-08-25,87.0,87.0,86.0199966430664,86.7300033569336,2005800
2003-08-26,86.7300033569336,86.88999938964844,85.5,86.51000213623047,2586700
2003-08-27,86.51000213623047,86.51000213623047,85.75,85.97000122070312,1458500
2003-08-28,86.44999694824219,86.95999908447266,85.23999786376953,86.86000061035156,1741700
2003-08-29,86.9000015258789,88.5999984741211,86.75,88.48999786376953,2374700
2003-09-02,88.54000091552734,90.62999725341797,88.54000091552734,90.44999694824219,3802000
2003-09-03,90.69999694824219,91.48999786376953,90.04000091552734,90.81999969482422,3810600
2003-09-04,90.9000015258789,91.48999786376953,90.5999984741211,91.26000213623047,3691500
2003-09-05,91.26000213623047,92.22000122070312,90.33999633789062,90.95999908447266,2693200
2003-09-08,91.4800033569336,91.9800033569336,90.06999969482422,91.3499984741211,4167700
2003-09-09,91.19999694824219,92.11000061035156,90.8499984741211,91.79000091552734,3078700
2003-09-10,91.19999694824219,91.20999908447266,89.31999969482422,89.44000244140625,4240700
2003-09-11,89.44000244140625,90.45999908447266,88.80999755859375,89.83999633789062,3226500
2003-09-12,89.80000305175781,90.91999816894531,89.19999694824219,90.7300033569336,2838900
2003-09-15,89.93000030517578,90.73999786376953,89.19999694824219,89.19999694824219,2756500
2003-09-16,89.4800033569336,91.0999984741211,89.44999694824219,90.93000030517578,3992000
2003-09-17,90.69999694824219,91.98999786376953,90.4000015258789,91.0,3188300
2003-09-18,91.69999694824219,93.48999786376953,91.05999755859375,93.25,5804300
2003-09-19,93.25,93.73999786376953,92.80000305175781,93.7300033569336,3771500
2003-09-22,92.9000015258789,93.0999984741211,92.05999755859375,92.66000366210938,3700400
2003-09-23,90.80000305175781,91.3499984741211,88.98999786376953,89.05999755859375,10655700
2003-09-24,89.06999969482422,89.06999969482422,85.70999908447266,85.81999969482422,9448500
2003-09-25,85.81999969482422,86.45999908447266,85.2300033569336,85.5199966430664,5768300
2003-09-26,86.0199966430664,86.20999908447266,84.19999694824219,84.69999694824219,4020600
2003-09-29,85.1500015258789,85.98999786376953,84.56999969482422,85.0,4695800
2003-09-30,84.75,84.86000061035156,83.63999938964844,83.9000015258789,5257900
2003-10-01,83.9000015258789,86.12999725341797,83.9000015258789,86.0,4332500
2003-10-02,86.0,86.41000366210938,85.4000015258789,85.95999908447266,2957500
2003-10-03,86.23999786376953,88.11000061035156,86.23999786376953,86.66000366210938,4120100
2003-10-06,86.66000366210938,88.0,86.44999694824219,86.72000122070312,3215900
2003-10-07,86.72000122070312,87.31999969482422,85.83999633789062,86.83999633789062,3785600
2003-10-08,86.8499984741211,87.12000274658203,85.55000305175781,86.26000213623047,2808000
2003-10-09,87.68000030517578,88.44999694824219,86.80999755859375,87.0,4164200
2003-10-10,87.01000213623047,87.33000183105469,86.43000030517578,86.94000244140625,2729900
2003-10-13,87.69999694824219,88.68000030517578,87.62000274658203,88.16999816894531,1987100
2003-10-14,88.16999816894531,88.7699966430664,87.08000183105469,88.63999938964844,3297900
2003-10-15,89.44999694824219,89.62999725341797,88.55000305175781,88.75,4037000
2003-10-16,88.25,88.61000061035156,87.6500015258789,87.98999786376953,4122900
2003-10-17,88.02999877929688,88.55000305175781,86.7300033569336,87.16999816894531,3340500
2003-10-20,87.0,87.2300033569336,85.94000244140625,87.01000213623047,3232600
2003-10-21,87.0199966430664,88.91000366210938,87.0199966430664,87.62000274658203,3029500
2003-10-22,86.5,86.8499984741211,86.04000091552734,86.47000122070312,3431700
2003-10-23,86.22000122070312,87.91999816894531,86.0199966430664,87.0,3889600
2003-10-24,87.0,87.0,85.01000213623047,85.81999969482422,3396700
2003-10-27,87.5,88.5199966430664,86.80000305175781,88.19000244140625,4347800
2003-10-28,88.94999694824219,92.25,88.69000244140625,92.25,7022300
2003-10-29,92.6500015258789,93.16000366210938,92.0,92.6500015258789,5216600
2003-10-30,93.44999694824219,94.0,93.16999816894531,93.43000030517578,4359700
2003-10-31,93.43000030517578,94.88999938964844,93.43000030517578,93.9000015258789,3561200
2003-11-03,94.6500015258789,96.80000305175781,94.55000305175781,96.19000244140625,5128000
2003-11-04,96.19999694824219,96.19999694824219,94.70999908447266,95.94999694824219,3024200
2003-11-05,95.94999694824219,96.25,94.26000213623047,95.47000122070312,4089800
2003-11-06,95.47000122070312,96.69000244140625,94.6500015258789,96.52999877929688,3294500
2003-11-07,96.52999877929688,97.38999938964844,96.19999694824219,96.9800033569336,3537700
2003-11-10,96.9800033569336,96.9800033569336,95.58000183105469,96.08000183105469,3144100
2003-11-11,96.08999633789062,96.3499984741211,95.44999694824219,96.0999984741211,1801200
2003-11-12,95.94999694824219,96.8499984741211,95.68000030517578,96.69999694824219,2237700
2003-11-13,96.70999908447266,96.70999908447266,94.5199966430664,96.0199966430664,1991600
2003-11-14,96.08999633789062,96.69000244140625,93.44999694824219,93.80000305175781,3642800
2003-11-17,93.80999755859375,94.69999694824219,93.13999938964844,94.25,3130100
2003-11-18,95.0,95.05000305175781,93.3499984741211,93.7300033569336,2454400
2003-11-19,93.30000305175781,94.0199966430664,93.19999694824219,93.93000030517578,2768900
2003-11-20,93.75,93.93000030517578,91.69999694824219,91.76000213623047,3723700
2003-11-21,92.3499984741211,93.30000305175781,92.08999633789062,92.97000122070312,3075500
2003-11-24,93.94999694824219,95.08999633789062,93.5,94.91999816894531,2544200
2003-11-25,95.94999694824219,96.63999938964844,95.58999633789062,96.25,3013900
2003-11-26,96.48999786376953,96.69999694824219,95.37000274658203,96.66999816894531,2038900
2003-11-28,96.66999816894531,97.0999984741211,95.76000213623047,96.08000183105469,1040000
2003-12-01,96.2300033569336,97.7699966430664,96.2300033569336,97.4800033569336,3381800
2003-12-02,97.80000305175781,98.75,97.26000213623047,97.4000015258789,3055100
2003-12-03,98.25,100.0,97.9000015258789,99.29000091552734,4459800
2003-12-04,99.37999725341797,99.5,98.31999969482422,98.7300033569336,2085400
2003-12-05,98.7300033569336,99.30999755859375,97.5999984741211,98.02999877929688,2558100
2003-12-08,97.80000305175781,98.80000305175781,97.44999694824219,98.80000305175781,1822500
2003-12-09,98.80000305175781,98.9000015258789,97.5999984741211,98.19999694824219,2408100
2003-12-10,98.19999694824219,99.5,97.23999786376953,97.5999984741211,2995400
2003-12-11,97.97000122070312,99.11000061035156,97.44999694824219,98.33999633789062,2323600
2003-12-12,98.5,99.36000061035156,97.97000122070312,99.1500015258789,1720300
2003-12-15,99.93000030517578,100.77999877929688,97.75,97.75,3164600
2003-12-16,97.76000213623047,98.4000015258789,96.91000366210938,97.5199966430664,3629200
2003-12-17,97.02999877929688,98.5,96.7699966430664,98.3499984741211,4086700
2003-12-18,97.0,97.7300033569336,95.7300033569336,97.3499984741211,5603100
2003-12-19,97.0999984741211,97.38999938964844,95.83999633789062,96.37999725341797,5135600
2003-12-22,96.37999725341797,98.43000030517578,96.3499984741211,98.1500015258789,3618000
2003-12-23,98.33999633789062,98.80000305175781,98.1500015258789,98.22000122070312,2257200
2003-12-24,97.81999969482422,97.94999694824219,97.44999694824219,97.55000305175781,985900
2003-12-26,97.55000305175781,98.43000030517578,97.55000305175781,97.94000244140625,887100
2003-12-29,98.4800033569336,99.75,98.19999694824219,99.58000183105469,2480400
2003-12-30,99.9000015258789,99.9000015258789,98.7699966430664,99.16000366210938,1768300
2003-12-31,99.56999969482422,99.58000183105469,98.0,98.7300033569336,2877800
2004-01-02,98.80000305175781,99.08999633789062,96.58000183105469,97.12999725341797,3042300
2004-01-05,97.30000305175781,97.94000244140625,96.1500015258789,97.18000030517578,4817700
2004-01-06,97.36000061035156,97.66999816894531,96.37999725341797,96.5999984741211,4077800
2004-01-07,96.76000213623047,98.86000061035156,96.44999694824219,98.62999725341797,4457800
2004-01-08,98.7300033569336,98.9800033569336,97.69999694824219,98.75,3687800
2004-01-09,98.73999786376953,98.75,97.29000091552734,97.5,3297300
2004-01-12,97.5999984741211,97.8499984741211,96.44999694824219,97.77999877929688,2844700
2004-01-13,97.8499984741211,97.94999694824219,97.04000091552734,97.66999816894531,3257500
2004-01-14,97.5,99.5,97.45999908447266,99.37999725341797,4243200
2004-01-15,100.4000015258789,102.0,99.94999694824219,101.13999938964844,8331000
2004-01-16,101.1500015258789,101.58999633789062,100.02999877929688,100.4800033569336,6035000
2004-01-20,101.16999816894531,101.55000305175781,99.5999984741211,100.4000015258789,3095900
2004-01-21,100.30000305175781,101.5,99.37000274658203,101.5,3296000
2004-01-22,101.06999969482422,101.87000274658203,100.4000015258789,100.68000030517578,3893900
2004-01-23,101.08000183105469,101.08000183105469,98.79000091552734,99.5,3742700
2004-01-26,99.41999816894531,102.48999786376953,99.3499984741211,102.27999877929688,4096200
2004-01-27,102.19000244140625,102.75,100.80000305175781,101.05000305175781,3231600
2004-01-28,101.30000305175781,101.5,97.69999694824219,98.30000305175781,4070300
2004-01-29,99.25,99.69000244140625,97.80999755859375,99.4000015258789,3872500
2004-01-30,99.41000366210938,100.43000030517578,98.81999969482422,99.55000305175781,2982100
2004-02-02,99.2300033569336,100.45999908447266,98.47000122070312,99.80999755859375,3416300
2004-02-03,99.7699966430664,101.36000061035156,99.19999694824219,101.1500015258789,3663000
2004-02-04,101.1500015258789,101.19999694824219,99.69999694824219,99.75,3228600
2004-02-05,99.7699966430664,100.16999816894531,98.43000030517578,98.83999633789062,2803100
2004-02-06,99.29000091552734,101.55999755859375,99.13999938964844,101.33999633789062,3196000
2004-02-09,101.33999633789062,102.47000122070312,100.87000274658203,101.87000274658203,2518600
2004-02-10,101.6500015258789,102.44000244140625,101.43000030517578,102.18000030517578,2557900
2004-02-11,103.5999984741211,107.26000213623047,103.4800033569336,107.08999633789062,7277700
2004-02-12,107.33000183105469,107.80000305175781,106.5,107.4000015258789,4058900
2004-02-13,107.3499984741211,107.9000015258789,105.02999877929688,105.8499984741211,4110200
2004-02-17,106.6500015258789,107.81999969482422,106.56999969482422,106.91999816894531,2640300
2004-02-18,107.16000366210938,108.0,106.27999877929688,106.9000015258789,2413600
2004-02-19,107.0999984741211,107.4800033569336,105.55999755859375,105.7699966430664,2114600
2004-02-20,106.3499984741211,107.0,105.4000015258789,106.5199966430664,2800500
2004-02-23,106.56999969482422,107.44000244140625,105.91999816894531,106.66999816894531,2724600
2004-02-24,105.6500015258789,106.19999694824219,104.0,104.31999969482422,3547500
2004-02-25,104.56999969482422,106.0,104.44000244140625,105.81999969482422,2810400
2004-02-26,105.83000183105469,106.48999786376953,104.48999786376953,106.29000091552734,2160000
2004-02-27,106.79000091552734,107.80000305175781,105.61000061035156,105.87000274658203,3598000
2004-03-01,107.30000305175781,108.0,106.70999908447266,107.3499984741211,2849600
2004-03-02,106.9000015258789,107.87999725341797,106.4000015258789,106.4000015258789,2993100
2004-03-03,106.4000015258789,106.76000213623047,105.54000091552734,106.51000213623047,3033000
2004-03-04,107.02999877929688,108.8499984741211,106.83000183105469,108.5199966430664,3631900
2004-03-05,107.31999969482422,109.27999877929688,107.08000183105469,109.05000305175781,3893200
2004-03-08,109.05999755859375,109.29000091552734,107.16999816894531,107.3499984741211,2860100
2004-03-09,107.3499984741211,107.3499984741211,105.05000305175781,105.76000213623047,3070800
2004-03-10,105.76000213623047,105.9000015258789,103.30000305175781,103.55000305175781,3450200
2004-03-11,103.55999755859375,105.19000244140625,102.87000274658203,102.98999786376953,3427600
2004-03-12,104.1500015258789,105.12000274658203,103.41999816894531,104.93000030517578,3167300
2004-03-15,104.80000305175781,104.80999755859375,102.3499984741211,102.81999969482422,3343000
2004-03-16,103.5,104.73999786376953,102.26000213623047,103.05999755859375,4360800
2004-03-17,103.56999969482422,104.54000091552734,102.44000244140625,104.01000213623047,3272900
2004-03-18,103.8499984741211,104.08000183105469,102.4000015258789,103.69999694824219,3203800
2004-03-19,103.11000061035156,104.31999969482422,102.66000366210938,102.66000366210938,3018900
2004-03-22,102.16000366210938,102.16000366210938,99.83999633789062,101.30000305175781,4648000
2004-03-23,103.25,103.2699966430664,101.38999938964844,101.38999938964844,6971100
2004-03-24,101.5,101.5999984741211,98.37999725341797,99.23999786376953,6796300
2004-03-25,100.0,101.9800033569336,99.5999984741211,101.8499984741211,4840900
2004-03-26,101.8499984741211,104.22000122070312,101.51000213623047,103.75,4545500
2004-03-29,104.19000244140625,105.0999984741211,103.5,104.22000122070312,3612300
2004-03-30,103.69999694824219,104.6500015258789,103.31999969482422,104.26000213623047,3067700
2004-03-31,104.2699966430664,104.66000366210938,103.69000244140625,104.3499984741211,2480200
2004-04-01,104.23999786376953,106.04000091552734,104.23999786376953,106.0,3358700
2004-04-02,107.0,107.5,104.83999633789062,105.94999694824219,3951700
2004-04-05,105.94999694824219,106.30000305175781,105.13999938964844,105.69999694824219,2880900
2004-04-06,105.69999694824219,105.98999786376953,104.66999816894531,105.58000183105469,2920000
2004-04-07,105.37000274658203,105.7699966430664,104.77999877929688,105.25,2307100
2004-04-08,106.4000015258789,106.4800033569336,105.25,105.69999694824219,3014400
2004-04-12,105.80000305175781,106.13999938964844,105.69999694824219,105.81999969482422,1771200
2004-04-13,105.81999969482422,106.19000244140625,102.75,103.12000274658203,3977600
2004-04-14,102.0,102.55000305175781,100.48999786376953,101.41000366210938,5584300
2004-04-15,101.6500015258789,102.7300033569336,100.2300033569336,101.7300033569336,3763400
2004-04-16,102.25,103.69999694824219,101.81999969482422,103.36000061035156,3314300
2004-04-19,103.25,103.30000305175781,101.75,102.4800033569336,2497200
2004-04-20,102.6500015258789,103.06999969482422,99.91000366210938,99.91000366210938,2761100
2004-04-21,100.25,100.6500015258789,99.1500015258789,100.0,4035800
2004-04-22,100.01000213623047,102.3499984741211,100.0,101.80000305175781,3700200
2004-04-23,101.05000305175781,101.06999969482422,99.80999755859375,100.41000366210938,3034500
2004-04-26,101.0,102.2699966430664,100.95999908447266,101.1500015258789,2243900
2004-04-27,100.55000305175781,102.06999969482422,100.55000305175781,100.91000366210938,1888400
2004-04-28,100.25,100.25,98.4000015258789,98.4000015258789,3360600
2004-04-29,98.91999816894531,99.83999633789062,97.5999984741211,98.26000213623047,3899400
2004-04-30,98.51000213623047,99.0,96.30999755859375,96.75,3462600
2004-05-03,96.94999694824219,97.55999755859375,96.20999908447266,96.91999816894531,3267000
2004-05-04,97.75,98.5,96.77999877929688,97.37000274658203,3875200
2004-05-05,97.5,98.25,95.73999786376953,96.1500015258789,4822000
2004-05-06,95.1500015258789,95.54000091552734,93.83000183105469,95.1500015258789,5482900
2004-05-07,94.5,95.5,92.87999725341797,93.04000091552734,5480900
2004-05-10,90.75,92.12999725341797,90.08000183105469,92.0999984741211,6861800
2004-05-11,92.25,93.11000061035156,91.62999725341797,93.11000061035156,5288200
2004-05-12,91.8499984741211,93.06999969482422,90.2300033569336,92.91999816894531,6639300
2004-05-13,93.12000274658203,94.69000244140625,92.6500015258789,93.44999694824219,4692400
2004-05-14,94.12000274658203,94.62000274658203,92.5999984741211,94.01000213623047,4569700
2004-05-17,92.80000305175781,93.19000244140625,91.44999694824219,92.68000030517578,4520600
2004-05-18,93.0999984741211,94.01000213623047,92.5199966430664,93.30999755859375,3325600
2004-05-19,94.75,94.81999969482422,92.5999984741211,92.68000030517578,4751400
2004-05-20,93.05000305175781,93.73999786376953,92.12000274658203,92.4000015258789,3904600
2004-05-21,92.62000274658203,93.25,91.44999694824219,91.73999786376953,4060800
2004-05-24,92.44999694824219,93.12000274658203,91.3499984741211,91.7300033569336,3687700
2004-05-25,91.7300033569336,93.26000213623047,90.80000305175781,93.11000061035156,3927500
2004-05-26,93.02999877929688,93.75,92.5,93.38999938964844,2978600
2004-05-27,94.19999694824219,94.30000305175781,92.16000366210938,93.29000091552734,4652200
2004-05-28,93.29000091552734,93.94999694824219,92.98999786376953,93.91000366210938,2425800
2004-06-01,93.80000305175781,93.9000015258789,91.75,93.0,4142600
2004-06-02,93.0,93.01000213623047,91.6500015258789,91.7699966430664,4320100
2004-06-03,91.77999877929688,91.80000305175781,90.2699966430664,90.55000305175781,4224700
2004-06-04,91.5,91.98999786376953,91.2300033569336,91.5199966430664,3165000
2004-06-07,92.3499984741211,93.69999694824219,92.05999755859375,93.58000183105469,3493300
2004-06-08,93.58000183105469,94.0999984741211,92.63999938964844,94.0,2949300
2004-06-09,94.01000213623047,94.06999969482422,92.37000274658203,93.0,1996500
2004-06-10,93.01000213623047,93.01000213623047,92.13999938964844,93.01000213623047,1702500
2004-06-14,92.1500015258789,92.1500015258789,90.63999938964844,91.52999877929688,3043300
2004-06-15,92.18000030517578,92.41000366210938,89.9800033569336,90.20999908447266,5510300
2004-06-16,90.48999786376953,90.9800033569336,89.38999938964844,89.9800033569336,4149900
2004-06-17,89.25,89.6500015258789,88.52999877929688,89.33999633789062,3500700
2004-06-18,89.0,90.25,88.69999694824219,89.18000030517578,3823000
2004-06-21,89.88999938964844,90.0,88.5999984741211,88.79000091552734,3217900
2004-06-22,88.3499984741211,91.16000366210938,87.68000030517578,90.5999984741211,8249500
2004-06-23,91.0,91.98999786376953,90.52999877929688,91.72000122070312,6149000
2004-06-24,92.25,94.16999816894531,91.75,93.19000244140625,5519100
2004-06-25,93.19999694824219,94.8499984741211,92.94000244140625,94.55000305175781,8047400
2004-06-28,95.1500015258789,95.1500015258789,92.80999755859375,93.26000213623047,4380100
2004-06-29,93.0,94.19999694824219,92.77999877929688,94.0,3359300
2004-06-30,94.0,94.8499984741211,93.55999755859375,94.16000366210938,4135600
2004-07-01,94.16999816894531,94.3499984741211,92.68000030517578,93.6500015258789,4569500
2004-07-02,93.8499984741211,93.97000122070312,92.5,93.61000061035156,3330600
2004-07-06,92.61000061035156,92.95999908447266,91.88999938964844,92.19999694824219,2603700
2004-07-07,91.5999984741211,91.80000305175781,90.41999816894531,90.56999969482422,4501900
2004-07-08,89.9000015258789,91.2300033569336,89.83000183105469,90.0,3493200
2004-07-09,90.69999694824219,90.9800033569336,90.01000213623047,90.05000305175781,2518900
2004-07-12,90.05000305175781,90.80000305175781,88.80000305175781,90.66000366210938,3509600
2004-07-13,90.0,90.8499984741211,89.19000244140625,90.36000061035156,3744000
2004-07-14,89.55999755859375,91.4800033569336,89.54000091552734,89.88999938964844,3447500
2004-07-15,90.19999694824219,90.20999908447266,88.11000061035156,88.33000183105469,3899700
2004-07-16,89.52999877929688,89.58000183105469,87.1500015258789,87.25,3562400
2004-07-19,87.5,88.12999725341797,86.66999816894531,87.5,3308600
2004-07-20,87.25,89.8499984741211,87.20999908447266,89.69999694824219,4131100
2004-07-21,89.69999694824219,90.69999694824219,87.4000015258789,87.41999816894531,4535400
2004-07-22,87.0199966430664,88.5,85.72000122070312,87.76000213623047,4883400
2004-07-23,86.80999755859375,88.19999694824219,86.80999755859375,87.55000305175781,3096600
2004-07-26,87.72000122070312,88.19000244140625,86.62999725341797,87.02999877929688,3805400
2004-07-27,87.02999877929688,88.9800033569336,87.0199966430664,88.79000091552734,4131900
2004-07-28,88.2699966430664,89.30000305175781,87.33000183105469,88.70999908447266,4273500
2004-07-29,89.6500015258789,90.05000305175781,89.08000183105469,89.69000244140625,3588700
2004-07-30,89.05000305175781,89.36000061035156,87.70999908447266,88.19000244140625,3706400
2004-08-02,87.77999877929688,88.63999938964844,87.33000183105469,88.44000244140625,3020400
2004-08-03,88.4000015258789,89.05999755859375,87.4800033569336,87.68000030517578,2726800
2004-08-04,87.3499984741211,88.44999694824219,86.75,87.6500015258789,3460200
2004-08-05,88.0999984741211,88.0999984741211,85.69000244140625,85.80000305175781,3203000
2004-08-06,85.0,86.1500015258789,84.19999694824219,84.55000305175781,5065600
2004-08-09,84.55000305175781,85.19999694824219,84.02999877929688,84.55000305175781,2916200
2004-08-10,84.69999694824219,85.52999877929688,84.2699966430664,85.30999755859375,5453300
2004-08-11,84.80000305175781,85.5999984741211,84.18000030517578,84.6500015258789,3995400
2004-08-12,84.6500015258789,85.19999694824219,83.4000015258789,83.86000061035156,4773500
2004-08-13,83.86000061035156,84.25,83.29000091552734,84.25,2533900
2004-08-16,84.25,86.29000091552734,84.25,85.81999969482422,2990100
2004-08-17,87.16000366210938,87.25,86.23999786376953,86.38999938964844,3122600
2004-08-18,86.30000305175781,87.5,86.05999755859375,87.44000244140625,2979700
2004-08-19,87.30999755859375,87.69000244140625,85.94999694824219,86.5999984741211,2669200
2004-08-20,86.5999984741211,88.06999969482422,86.37999725341797,87.80999755859375,2651200
2004-08-23,87.80999755859375,88.33999633789062,87.27999877929688,87.5,4164200
2004-08-24,88.1500015258789,88.37000274658203,87.45999908447266,87.52999877929688,2371300
2004-08-25,87.77999877929688,90.25,87.55999755859375,90.02999877929688,4104300
2004-08-26,89.93000030517578,91.56999969482422,89.76000213623047,91.12000274658203,3366000
2004-08-27,91.12000274658203,91.19999694824219,90.16999816894531,90.4800033569336,1642400
2004-08-30,90.2300033569336,90.3499984741211,89.01000213623047,89.1500015258789,1824400
2004-08-31,89.55999755859375,89.80999755859375,88.45999908447266,89.6500015258789,2403900
2004-09-01,89.8499984741211,90.5,88.94999694824219,89.19000244140625,1913900
2004-09-02,89.19999694824219,91.30000305175781,88.88999938964844,91.05999755859375,2361400
2004-09-03,91.05999755859375,91.72000122070312,90.0,90.19999694824219,1667700
2004-09-07,91.19999694824219,92.77999877929688,91.05999755859375,92.2300033569336,3903300
2004-09-08,92.29000091552734,92.55000305175781,91.36000061035156,91.44000244140625,2901400
2004-09-09,92.0999984741211,92.16000366210938,90.61000061035156,91.87000274658203,3081200
2004-09-10,91.87000274658203,93.2300033569336,91.69999694824219,93.12999725341797,2846100
2004-09-13,93.4000015258789,93.5999984741211,92.7699966430664,93.5999984741211,2957800
2004-09-14,93.27999877929688,94.25,92.9000015258789,94.0999984741211,2900100
2004-09-15,94.0,94.01000213623047,92.41000366210938,92.41000366210938,2768000
2004-09-16,92.6500015258789,93.62000274658203,92.4000015258789,93.16000366210938,2530000
2004-09-17,93.29000091552734,93.45999908447266,91.80999755859375,92.05000305175781,2890900
2004-09-20,91.0,92.12000274658203,90.97000122070312,91.68000030517578,3017600
2004-09-21,93.0,94.95999908447266,92.75,94.9000015258789,6120400
2004-09-22,93.08000183105469,94.18000030517578,92.5,93.38999938964844,6459600
2004-09-23,92.5,93.63999938964844,92.5,93.06999969482422,4313900
2004-09-24,93.66999816894531,93.7699966430664,92.83999633789062,93.4800033569336,2614100
2004-09-27,93.4800033569336,93.48999786376953,92.12000274658203,92.75,3414700
2004-09-28,92.75,93.23999786376953,91.7699966430664,93.05999755859375,2806600
2004-09-29,93.05999755859375,93.47000122070312,92.4000015258789,93.27999877929688,3005900
2004-09-30,93.3499984741211,93.56999969482422,92.44999694824219,93.23999786376953,2721700
2004-10-01,93.45999908447266,94.69000244140625,93.33999633789062,93.91999816894531,3184800
2004-10-04,94.80000305175781,95.44999694824219,94.44000244140625,94.87000274658203,3640600
2004-10-05,94.94999694824219,95.0999984741211,93.79000091552734,94.06999969482422,3938300
2004-10-06,94.06999969482422,95.66000366210938,93.75,95.52999877929688,3445200
2004-10-07,95.0,95.41999816894531,94.36000061035156,94.8499984741211,2758300
2004-10-08,94.8499984741211,95.5,93.91000366210938,94.23999786376953,3029400
2004-10-11,94.80000305175781,94.91000366210938,94.04000091552734,94.13999938964844,1624700
2004-10-12,93.25,94.80000305175781,93.23999786376953,94.58999633789062,2613100
2004-10-13,95.0,95.25,94.19000244140625,94.72000122070312,2924600
2004-10-14,94.0,94.16000366210938,92.4000015258789,92.93000030517578,3915000
2004-10-15,93.69999694824219,94.31999969482422,93.08999633789062,94.16000366210938,3188100
2004-10-18,94.16000366210938,94.44999694824219,93.08999633789062,94.25,2572100
2004-10-19,94.25,95.0,92.5999984741211,93.05999755859375,4144600
2004-10-20,92.11000061035156,92.69000244140625,90.73999786376953,92.33999633789062,3934700
2004-10-21,92.0,93.8499984741211,91.9800033569336,93.47000122070312,4023000
2004-10-22,93.0199966430664,93.73999786376953,92.01000213623047,92.69999694824219,3515900
2004-10-25,91.75,92.70999908447266,91.11000061035156,92.41999816894531,3019600
2004-10-26,92.80000305175781,94.77999877929688,92.80000305175781,93.76000213623047,3445400
2004-10-27,93.27999877929688,96.30000305175781,93.0,96.0999984741211,4620900
2004-10-28,96.0999984741211,98.13999938964844,95.80000305175781,97.43000030517578,5321900
2004-10-29,97.43000030517578,98.44999694824219,97.43000030517578,98.37999725341797,3862600
2004-11-01,98.19999694824219,98.91000366210938,97.80000305175781,98.31999969482422,2519900
2004-11-02,98.8499984741211,99.7300033569336,98.5,98.55000305175781,4270100
2004-11-03,100.01000213623047,100.5,98.68000030517578,99.37000274658203,4333900
2004-11-04,99.37000274658203,100.55000305175781,98.44999694824219,100.0,4381500
2004-11-05,100.5,101.73999786376953,99.3499984741211,100.8499984741211,5101400
2004-11-08,100.4000015258789,100.80000305175781,99.77999877929688,100.20999908447266,2819200
2004-11-09,100.22000122070312,101.27999877929688,99.88999938964844,100.87000274658203,2826500
2004-11-10,100.91000366210938,101.33000183105469,100.37999725341797,100.75,2612000
2004-11-11,101.25,103.30000305175781,101.20999908447266,103.0,3966100
2004-11-12,103.44999694824219,104.9000015258789,103.2699966430664,104.66000366210938,4435100
2004-11-15,104.8499984741211,105.0999984741211,103.6500015258789,104.62000274658203,3208200
2004-11-16,104.62999725341797,104.62999725341797,103.41999816894531,103.72000122070312,3694200
2004-11-17,104.05000305175781,105.4000015258789,103.94000244140625,104.70999908447266,3666000
2004-11-18,104.9000015258789,104.9800033569336,104.12000274658203,104.83000183105469,2086700
2004-11-19,104.7699966430664,104.7699966430664,101.91000366210938,103.04000091552734,3579400
2004-11-22,102.75,103.9000015258789,102.13999938964844,103.41999816894531,2344000
2004-11-23,103.75,104.06999969482422,103.08000183105469,103.80999755859375,2628300
2004-11-24,104.0999984741211,105.22000122070312,104.0999984741211,105.0,2427600
2004-11-26,104.94999694824219,105.4000015258789,104.83000183105469,104.83999633789062,796200
2004-11-29,105.43000030517578,105.58999633789062,104.51000213623047,105.08000183105469,2881900
2004-11-30,104.55000305175781,105.30999755859375,104.54000091552734,104.76000213623047,2966500
2004-12-01,105.25,106.1500015258789,104.95999908447266,106.0,3123200
2004-12-02,106.0199966430664,107.45999908447266,105.87000274658203,106.5999984741211,3503400
2004-12-03,106.5999984741211,107.08000183105469,105.51000213623047,106.47000122070312,2728700
2004-12-06,107.05000305175781,107.7300033569336,106.3499984741211,107.16999816894531,2334600
2004-12-07,107.72000122070312,107.79000091552734,106.08999633789062,106.08999633789062,2280000
2004-12-08,106.52999877929688,107.68000030517578,105.98999786376953,106.68000030517578,3038900
2004-12-09,106.69000244140625,107.81999969482422,106.19000244140625,107.48999786376953,2581600
2004-12-10,108.5,109.93000030517578,107.23999786376953,109.4000015258789,3898700
2004-12-13,109.94999694824219,110.87999725341797,109.44000244140625,110.44999694824219,4202500
2004-12-14,110.44999694824219,110.44999694824219,109.6500015258789,109.87999725341797,4179100
2004-12-15,109.6500015258789,110.41000366210938,108.66000366210938,109.25,4820700
2004-12-16,106.19999694824219,107.0,104.69999694824219,105.4000015258789,8113500
2004-12-17,104.0,105.58999633789062,103.0,103.75,7853300
2004-12-20,103.76000213623047,105.02999877929688,103.06999969482422,103.79000091552734,4836200
2004-12-21,104.0,105.19000244140625,103.68000030517578,105.01000213623047,5247400
2004-12-22,104.44999694824219,105.5,104.2300033569336,104.4000015258789,3505200
2004-12-23,104.6500015258789,105.41000366210938,104.3499984741211,104.3499984741211,2011800
2004-12-27,104.94999694824219,105.04000091552734,103.80000305175781,104.19999694824219,1716700
2004-12-28,104.19999694824219,105.20999908447266,104.19999694824219,105.1500015258789,1806500
2004-12-29,104.9000015258789,105.16000366210938,104.33000183105469,104.6500015258789,1588100
2004-12-30,104.9000015258789,105.58999633789062,104.77999877929688,104.91999816894531,1629000
2004-12-31,104.91999816894531,105.0,104.04000091552734,104.04000091552734,1487400
2005-01-03,104.9000015258789,105.25,104.33999633789062,104.94999694824219,4225300
2005-01-04,104.80000305175781,105.19999694824219,103.91000366210938,104.2699966430664,5154200
2005-01-05,103.75,104.9800033569336,103.58000183105469,103.80000305175781,3649300
2005-01-06,103.95999908447266,105.25,103.91000366210938,105.2300033569336,3590100
2005-01-07,105.2300033569336,105.45999908447266,104.4000015258789,104.77999877929688,3075000
2005-01-10,104.27999877929688,105.43000030517578,104.2699966430664,104.9800033569336,2686200
2005-01-11,104.05000305175781,104.68000030517578,103.4000015258789,104.16999816894531,3132600
2005-01-12,104.0999984741211,104.26000213623047,102.41000366210938,103.2699966430664,3975800
2005-01-13,102.80000305175781,103.95999908447266,102.77999877929688,102.94000244140625,3256300
2005-01-14,103.0999984741211,104.3499984741211,102.94000244140625,104.22000122070312,2794400
2005-01-18,103.5999984741211,105.18000030517578,103.55999755859375,105.0,3224800
2005-01-19,104.33000183105469,104.72000122070312,103.80999755859375,104.05999755859375,3550400
2005-01-20,103.5,103.7699966430664,102.87999725341797,103.4000015258789,3252100
2005-01-21,103.19999694824219,104.54000091552734,102.79000091552734,103.33000183105469,4581000
2005-01-24,103.33000183105469,104.54000091552734,103.04000091552734,103.23999786376953,3895400
2005-01-25,104.0999984741211,104.69999694824219,102.61000061035156,102.86000061035156,3365000
2005-01-26,103.18000030517578,103.5199966430664,101.79000091552734,103.26000213623047,3979900
2005-01-27,103.37000274658203,104.33999633789062,103.01000213623047,104.0,3479100
2005-01-28,104.6500015258789,106.70999908447266,104.0,106.12000274658203,5854200
2005-01-31,107.37999725341797,107.97000122070312,107.1500015258789,107.8499984741211,3826500
2005-02-01,107.6500015258789,108.94000244140625,107.30000305175781,108.4000015258789,3369200
2005-02-02,108.1500015258789,108.97000122070312,107.98999786376953,108.58999633789062,2858400
2005-02-03,108.4000015258789,108.94000244140625,108.19999694824219,108.73999786376953,2933200
2005-02-04,108.73999786376953,110.33000183105469,108.70999908447266,110.0199966430664,3726700
2005-02-07,110.0199966430664,110.20999908447266,109.33000183105469,109.58999633789062,2684800
2005-02-08,109.97000122070312,111.93000030517578,109.91000366210938,111.55000305175781,4222400
2005-02-09,112.0,113.3499984741211,111.3499984741211,111.44999694824219,4589600
2005-02-10,111.80000305175781,112.9800033569336,111.75,112.7699966430664,3585900
2005-02-11,112.77999877929688,113.93000030517578,112.06999969482422,112.7699966430664,3942900
2005-02-14,112.77999877929688,113.37999725341797,111.69000244140625,111.97000122070312,2267900
2005-02-15,112.5,113.19000244140625,112.25,112.70999908447266,2459000
2005-02-16,112.3499984741211,112.62000274658203,111.61000061035156,112.2699966430664,2228800
2005-02-17,112.5999984741211,112.80999755859375,110.54000091552734,110.5999984741211,2349400
2005-02-18,110.6500015258789,110.80000305175781,108.5999984741211,109.0,3331900
2005-02-22,108.05000305175781,109.26000213623047,107.5199966430664,107.86000061035156,2515000
2005-02-23,108.62000274658203,109.41000366210938,108.16999816894531,109.11000061035156,2764100
2005-02-24,108.6500015258789,109.20999908447266,108.12999725341797,108.5,1995900
2005-02-25,108.7300033569336,110.25,108.52999877929688,110.0999984741211,2222200
2005-02-28,110.0,110.11000061035156,108.3499984741211,108.80000305175781,2650000
2005-03-01,108.38999938964844,110.76000213623047,108.38999938964844,110.0199966430664,2504400
2005-03-02,109.25,111.31999969482422,109.22000122070312,109.7300033569336,2217100
2005-03-03,110.4000015258789,110.86000061035156,109.0,109.41000366210938,2061300
2005-03-04,110.19999694824219,112.83000183105469,110.02999877929688,111.52999877929688,3103600
2005-03-07,111.94999694824219,113.12000274658203,111.52999877929688,112.80000305175781,2543300
2005-03-08,112.80000305175781,113.16999816894531,112.0999984741211,112.62999725341797,2702600
2005-03-09,112.5,112.5,110.81999969482422,110.87000274658203,2718500
2005-03-10,111.44999694824219,112.0,110.81999969482422,111.33000183105469,2430800
2005-03-11,111.33999633789062,111.55000305175781,108.91000366210938,109.55000305175781,2983800
2005-03-14,109.80999755859375,110.75,109.05999755859375,110.0,2701400
2005-03-15,111.69999694824219,111.9000015258789,110.43000030517578,110.54000091552734,3080300
2005-03-16,110.54000091552734,110.58000183105469,108.5999984741211,109.97000122070312,3160100
2005-03-17,109.97000122070312,111.23999786376953,108.44999694824219,110.04000091552734,5540200
2005-03-18,109.69999694824219,110.69999694824219,109.55999755859375,109.9800033569336,7553500
2005-03-21,110.0999984741211,110.83999633789062,109.5999984741211,109.5999984741211,3944600
2005-03-22,109.75,110.98999786376953,107.66999816894531,107.98999786376953,5687400
2005-03-23,107.5999984741211,108.91999816894531,107.5,108.05999755859375,4449100
2005-03-24,108.77999877929688,109.5,108.37000274658203,108.4000015258789,2915600
2005-03-28,108.94999694824219,109.98999786376953,108.55000305175781,109.68000030517578,2543200
2005-03-29,109.68000030517578,110.62999725341797,108.37000274658203,108.44999694824219,3836100
2005-03-30,108.19000244140625,109.9000015258789,108.19000244140625,109.80000305175781,4057300
2005-03-31,110.0,110.26000213623047,109.05999755859375,109.98999786376953,3790100
2005-04-01,110.73999786376953,111.05999755859375,108.30999755859375,109.30000305175781,5625700
2005-04-04,109.1500015258789,111.33000183105469,108.58000183105469,111.0,6114600
2005-04-05,110.94999694824219,111.9000015258789,110.44999694824219,110.58999633789062,4656300
2005-04-06,110.94999694824219,112.63999938964844,110.79000091552734,112.5,5276800
2005-04-07,112.5,113.93000030517578,112.19999694824219,113.52999877929688,4735900
2005-04-08,113.25,114.25,112.77999877929688,112.93000030517578,3801400
2005-04-11,113.44999694824219,113.80999755859375,111.91999816894531,112.08999633789062,3599100
2005-04-12,111.55000305175781,112.47000122070312,110.13999938964844,111.76000213623047,5921800
2005-04-13,111.7699966430664,112.0,109.7300033569336,110.01000213623047,4684700
2005-04-14,110.1500015258789,110.4000015258789,108.43000030517578,108.48999786376953,4350600
2005-04-15,108.3499984741211,109.06999969482422,106.48999786376953,106.48999786376953,5600500
2005-04-18,106.69000244140625,107.98999786376953,106.30000305175781,107.3499984741211,4059600
2005-04-19,107.5,107.91999816894531,106.66000366210938,106.69000244140625,4613900
2005-04-20,106.69999694824219,106.88999938964844,104.06999969482422,104.33000183105469,5484400
2005-04-21,105.5,106.91999816894531,103.44999694824219,105.11000061035156,7066500
2005-04-22,105.0,105.75,103.20999908447266,104.19000244140625,7265000
2005-04-25,105.5,106.41000366210938,104.55000305175781,105.73999786376953,3600400
2005-04-26,105.73999786376953,107.19000244140625,105.12000274658203,105.72000122070312,3703400
2005-04-27,105.66999816894531,108.16000366210938,105.20999908447266,107.76000213623047,3631200
2005-04-28,106.94999694824219,107.88999938964844,105.94000244140625,106.2300033569336,3574100
2005-04-29,107.12999725341797,107.27999877929688,104.5,106.79000091552734,4585000
2005-05-02,105.8499984741211,105.8499984741211,103.0,104.45999908447266,6286100
2005-05-03,103.55000305175781,104.9000015258789,103.05000305175781,104.37000274658203,5618200
2005-05-04,105.19999694824219,107.1500015258789,104.6500015258789,106.2699966430664,5198800
2005-05-05,106.80000305175781,107.29000091552734,104.55999755859375,105.30000305175781,4722400
2005-05-06,105.75,106.18000030517578,104.5,104.68000030517578,3804000
2005-05-09,104.4800033569336,105.54000091552734,104.22000122070312,105.5,3631100
2005-05-10,104.22000122070312,104.2699966430664,101.80999755859375,102.11000061035156,6365100
2005-05-11,102.55000305175781,104.04000091552734,101.97000122070312,103.75,5132100
2005-05-12,103.5,103.7300033569336,99.33999633789062,100.22000122070312,7465400
2005-05-13,99.5,100.19999694824219,96.41999816894531,97.81999969482422,9189000
2005-05-16,98.0,99.29000091552734,97.80000305175781,98.41999816894531,4893300
2005-05-17,97.5,98.62000274658203,97.25,98.3499984741211,5396100
2005-05-18,99.0,99.97000122070312,98.5,99.58000183105469,5248400
2005-05-19,100.0,100.5,99.2300033569336,100.12000274658203,3734500
2005-05-20,99.94999694824219,101.19999694824219,99.55000305175781,101.08000183105469,3495500
2005-05-23,101.6500015258789,101.6500015258789,100.30000305175781,100.69000244140625,3706200
2005-05-24,100.5,100.5,98.69999694824219,99.58000183105469,4118500
2005-05-25,99.69999694824219,99.69999694824219,97.2300033569336,97.25,6690600
2005-05-26,98.05000305175781,98.16000366210938,96.04000091552734,96.5999984741211,7984100
2005-05-27,96.94999694824219,96.97000122070312,95.16000366210938,95.5,6726800
2005-05-31,94.9000015258789,97.56999969482422,94.75,97.5,7687500
2005-06-01,97.4000015258789,99.77999877929688,96.70999908447266,98.63999938964844,6487000
2005-06-02,98.0,98.4800033569336,97.2300033569336,97.66999816894531,3975200
2005-06-03,97.55000305175781,98.12999725341797,96.66000366210938,97.30000305175781,3299100
2005-06-06,96.75,98.77999877929688,96.43000030517578,98.41999816894531,3379800
2005-06-07,99.19999694824219,99.47000122070312,98.27999877929688,98.4000015258789,3734200
2005-06-08,99.0999984741211,99.2300033569336,98.3499984741211,98.3499984741211,3018700
2005-06-09,99.19999694824219,100.36000061035156,98.61000061035156,99.94999694824219,4091100
2005-06-10,100.12999725341797,100.12999725341797,98.68000030517578,99.05000305175781,1879100
2005-06-13,98.77999877929688,99.7699966430664,98.41000366210938,99.26000213623047,4434400
2005-06-14,99.6500015258789,100.16999816894531,98.25,98.30000305175781,4687900
2005-06-15,98.5999984741211,99.62999725341797,97.80999755859375,99.19000244140625,6113000
2005-06-16,100.0,103.30000305175781,98.69999694824219,102.6500015258789,10327600
2005-06-17,102.75,104.23999786376953,102.30000305175781,103.80000305175781,6254200
2005-06-20,103.25,103.8499984741211,102.66000366210938,103.25,3718500
2005-06-21,103.0,103.80000305175781,102.55999755859375,102.63999938964844,3704600
2005-06-22,102.66999816894531,103.4000015258789,102.33999633789062,102.47000122070312,3564400
2005-06-23,102.30000305175781,103.12999725341797,101.9000015258789,102.0199966430664,3857400
2005-06-24,102.16000366210938,103.69999694824219,101.93000030517578,103.66999816894531,5214000
2005-06-27,103.0,103.69000244140625,102.0,103.19999694824219,3099900
2005-06-28,103.5,104.95999908447266,103.30000305175781,103.95999908447266,3477400
2005-06-29,104.20999908447266,104.44999694824219,102.61000061035156,102.79000091552734,3225900
2005-06-30,103.27999877929688,103.45999908447266,101.7699966430664,102.0199966430664,3062500
2005-07-01,102.16999816894531,103.63999938964844,102.16999816894531,102.70999908447266,2433500
2005-07-05,102.25,103.69999694824219,102.16000366210938,103.18000030517578,2487800
2005-07-06,103.02999877929688,104.06999969482422,103.02999877929688,103.55000305175781,4302800
2005-07-07,102.3499984741211,104.20999908447266,102.0199966430664,104.0999984741211,4250300
2005-07-08,104.0999984741211,105.83999633789062,103.68000030517578,105.6500015258789,3191900
2005-07-11,105.66000366210938,107.45999908447266,105.62000274658203,107.30999755859375,4440500
2005-07-12,107.0,108.68000030517578,107.0,107.23999786376953,4383200
2005-07-13,107.31999969482422,108.45999908447266,107.23999786376953,108.0,3890400
2005-07-14,108.94999694824219,109.19999694824219,108.22000122070312,108.55000305175781,3750300
2005-07-15,108.25,108.79000091552734,107.7699966430664,108.5,2968100
2005-07-18,107.94999694824219,108.68000030517578,107.48999786376953,108.23999786376953,2687900
2005-07-19,108.6500015258789,109.87999725341797,108.62000274658203,109.72000122070312,3630700
2005-07-20,107.75,109.9800033569336,107.7300033569336,109.61000061035156,4081500
2005-07-21,109.25,109.63999938964844,107.87999725341797,108.25,3921800
2005-07-22,107.94000244140625,109.23999786376953,107.68000030517578,109.12999725341797,2310700
2005-07-25,109.06999969482422,109.7300033569336,108.30999755859375,108.31999969482422,1873000
2005-07-26,108.52999877929688,108.72000122070312,107.56999969482422,107.72000122070312,2000700
2005-07-27,107.94999694824219,109.18000030517578,107.27999877929688,109.1500015258789,2389200
2005-07-28,109.19999694824219,109.9000015258789,108.0999984741211,109.66999816894531,2342500
2005-07-29,109.41999816894531,109.5,107.44000244140625,107.4800033569336,2087800
2005-08-01,107.5999984741211,108.2699966430664,106.69000244140625,107.12000274658203,2459600
2005-08-02,107.25,109.68000030517578,107.25,109.5199966430664,2682200
2005-08-03,109.08000183105469,111.0999984741211,108.7699966430664,110.87000274658203,3367900
2005-08-04,110.0,110.06999969482422,108.75,109.25,2082300
2005-08-05,108.75,109.80000305175781,108.25,109.69999694824219,3261500
2005-08-08,110.02999877929688,110.95999908447266,109.6500015258789,109.91000366210938,2777500
2005-08-09,110.02999877929688,111.62000274658203,110.0199966430664,111.4800033569336,3613500
2005-08-10,111.9800033569336,113.81999969482422,111.81999969482422,112.02999877929688,4273100
2005-08-11,112.08000183105469,114.27999877929688,111.94000244140625,114.13999938964844,4167700
2005-08-12,113.18000030517578,114.3499984741211,112.9000015258789,113.6500015258789,3031100
2005-08-15,113.25,114.81999969482422,112.9800033569336,114.66999816894531,2315000
2005-08-16,114.55000305175781,114.87000274658203,112.0,112.08000183105469,2684000
2005-08-17,111.8499984741211,112.06999969482422,110.20999908447266,111.12999725341797,4218100
2005-08-18,110.88999938964844,111.33000183105469,110.22000122070312,110.8499984741211,2042200
2005-08-19,111.12000274658203,111.83999633789062,110.94999694824219,111.2699966430664,1450300
2005-08-22,111.80000305175781,112.41000366210938,111.08000183105469,111.69999694824219,1682400
2005-08-23,111.5,112.0,111.06999969482422,111.80000305175781,1927000
2005-08-24,111.79000091552734,112.70999908447266,109.98999786376953,109.98999786376953,2245400
2005-08-25,110.23999786376953,110.75,109.0,110.5,1968300
2005-08-26,110.5,110.69999694824219,109.02999877929688,109.75,1660700
2005-08-29,109.5,110.41000366210938,109.27999877929688,110.1500015258789,1613800
2005-08-30,109.9000015258789,110.0,108.86000061035156,109.83999633789062,1804400
2005-08-31,109.83999633789062,111.5,109.83999633789062,111.18000030517578,2130100
2005-09-01,111.69999694824219,114.44000244140625,111.5999984741211,113.12000274658203,3080700
2005-09-02,113.30000305175781,113.79000091552734,112.7300033569336,113.20999908447266,1472900
2005-09-06,113.79000091552734,114.91999816894531,113.62999725341797,114.58999633789062,2199100
2005-09-07,114.58999633789062,115.05000305175781,114.33000183105469,114.91000366210938,2098200
2005-09-08,114.7300033569336,115.69999694824219,114.41000366210938,115.16000366210938,2281000
2005-09-09,115.5,116.27999877929688,115.4000015258789,116.16999816894531,2357100
2005-09-12,116.70999908447266,118.4800033569336,116.56999969482422,118.0,3124300
2005-09-13,117.75,117.88999938964844,116.73999786376953,117.19999694824219,2378500
2005-09-14,117.75,118.5,115.5199966430664,115.9000015258789,3492100
2005-09-15,115.0,116.1500015258789,114.86000061035156,115.94999694824219,2979300
2005-09-16,116.5,118.5,116.30000305175781,118.4000015258789,6335500
2005-09-19,118.0999984741211,118.62000274658203,117.0199966430664,118.27999877929688,3313100
2005-09-20,120.38999938964844,120.4000015258789,118.05000305175781,118.05000305175781,6741600
2005-09-21,116.12999725341797,117.61000061035156,115.45999908447266,115.68000030517578,5870100
2005-09-22,115.68000030517578,119.04000091552734,114.94999694824219,118.5,4830800
2005-09-23,118.79000091552734,119.91000366210938,117.81999969482422,119.47000122070312,3835100
2005-09-26,119.94999694824219,120.13999938964844,119.30000305175781,120.0,3848700
2005-09-27,119.69999694824219,120.97000122070312,119.55000305175781,119.66999816894531,4065000
2005-09-28,120.1500015258789,120.87000274658203,119.77999877929688,120.0999984741211,3630400
2005-09-29,119.0999984741211,121.47000122070312,119.02999877929688,121.22000122070312,4431100
2005-09-30,120.88999938964844,121.69999694824219,120.80000305175781,121.58000183105469,2643800
2005-10-03,121.29000091552734,122.36000061035156,121.27999877929688,121.6500015258789,3418100
2005-10-04,120.9000015258789,121.6500015258789,118.69999694824219,118.91999816894531,3963800
2005-10-05,118.91999816894531,119.19000244140625,116.5999984741211,117.75,4382500
2005-10-06,117.69999694824219,118.55999755859375,116.2300033569336,116.93000030517578,4138300
2005-10-07,117.25,118.05000305175781,117.19999694824219,117.56999969482422,3089500
2005-10-10,118.0,119.37000274658203,117.55000305175781,118.51000213623047,3388000
2005-10-11,119.19999694824219,119.79000091552734,117.0,117.55000305175781,5395400
2005-10-12,117.55000305175781,118.66999816894531,113.52999877929688,115.6500015258789,6656200
2005-10-13,115.19999694824219,116.2300033569336,110.2300033569336,113.18000030517578,9109200
2005-10-14,114.0999984741211,114.87000274658203,112.52999877929688,114.55000305175781,5705300
2005-10-17,115.98999786376953,117.69999694824219,115.93000030517578,117.05000305175781,4296800
2005-10-18,116.55000305175781,118.38999938964844,116.52999877929688,117.08999633789062,4139600
2005-10-19,116.25,121.33000183105469,116.0199966430664,121.19999694824219,6704500
2005-10-20,119.9800033569336,122.08000183105469,118.70999908447266,118.75,9035700
2005-10-21,119.80000305175781,119.9800033569336,118.0199966430664,118.7699966430664,5417800
2005-10-24,119.69999694824219,123.47000122070312,119.19999694824219,123.30000305175781,5516500
2005-10-25,122.5199966430664,124.83999633789062,122.31999969482422,123.55000305175781,5102600
2005-10-26,123.25,124.98999786376953,122.6500015258789,124.25,4170000
2005-10-27,123.80000305175781,124.9000015258789,122.0199966430664,122.43000030517578,4132200
2005-10-28,123.69999694824219,124.75,122.58999633789062,124.55999755859375,3520700
2005-10-31,125.0,127.37999725341797,124.94999694824219,126.37000274658203,3816000
2005-11-01,126.69999694824219,126.88999938964844,124.80000305175781,126.5999984741211,3914900
2005-11-02,126.0,129.44000244140625,126.0,129.1300048828125,4266100
2005-11-03,130.0,130.0,128.08999633789062,129.1999969482422,5002600
2005-11-04,129.75,131.17999267578125,128.89999389648438,130.9600067138672,4093400
2005-11-07,130.5,131.69000244140625,128.6699981689453,129.14999389648438,3561400
2005-11-08,128.35000610351562,128.36000061035156,127.22000122070312,127.5199966430664,2944500
2005-11-09,127.83999633789062,129.72999572753906,127.5,128.6999969482422,2655400
2005-11-10,128.14999389648438,130.3300018310547,127.77999877929688,130.08999633789062,3174500
2005-11-11,129.4499969482422,130.6300048828125,129.27000427246094,130.0,2134000
2005-11-14,130.32000732421875,130.32000732421875,128.60000610351562,129.24000549316406,1799300
2005-11-15,129.6999969482422,129.75999450683594,127.05999755859375,127.97000122070312,2356400
2005-11-16,128.35000610351562,128.47000122070312,126.55999755859375,128.17999267578125,2538900
2005-11-17,128.0,130.41000366210938,127.86000061035156,130.41000366210938,2595400
2005-11-18,131.89999389648438,131.89999389648438,129.80999755859375,131.5800018310547,2616000
2005-11-21,131.25,132.47999572753906,130.49000549316406,132.41000366210938,2084400
2005-11-22,131.8000030517578,132.99000549316406,130.80999755859375,132.60000610351562,2392300
2005-11-23,132.61000061035156,134.99000549316406,132.61000061035156,134.0800018310547,3139800
2005-11-25,134.1999969482422,134.88999938964844,134.02999877929688,134.1199951171875,808200
2005-11-28,134.3000030517578,134.3000030517578,130.83999633789062,131.10000610351562,2759900
2005-11-29,132.0,132.42999267578125,129.0500030517578,130.4499969482422,3095500
2005-11-30,130.4499969482422,131.27000427246094,128.44000244140625,128.9600067138672,3016000
2005-12-01,130.5,131.66000366210938,129.61000061035156,130.27999877929688,2497400
2005-12-02,130.14999389648438,131.75999450683594,130.00999450683594,131.0800018310547,1891400
2005-12-05,130.75,133.6699981689453,129.4199981689453,133.0500030517578,2709600
2005-12-06,133.9499969482422,134.16000366210938,130.85000610351562,131.30999755859375,3019000
2005-12-07,130.67999267578125,131.10000610351562,128.85000610351562,129.88999938964844,2646300
2005-12-08,129.0500030517578,130.02000427246094,127.76000213623047,128.63999938964844,3191000
2005-12-09,129.14999389648438,130.0500030517578,128.44000244140625,129.66000366210938,1878800
2005-12-12,130.39999389648438,131.02000427246094,128.50999450683594,130.00999450683594,2006300
2005-12-13,128.8000030517578,131.88999938964844,128.50999450683594,131.63999938964844,3430800
2005-12-14,131.0800018310547,131.89999389648438,129.35000610351562,129.6300048828125,3471600
2005-12-15,128.25,129.60000610351562,127.5999984741211,128.3000030517578,5480900
2005-12-16,127.66000366210938,127.86000061035156,126.11000061035156,126.5,5437100
2005-12-19,127.30000305175781,127.4000015258789,124.44999694824219,125.12999725341797,4217400
2005-12-20,124.69999694824219,126.2300033569336,124.33999633789062,125.86000061035156,4094300
2005-12-21,126.3499984741211,128.3000030517578,126.11000061035156,127.30999755859375,3694400
2005-12-22,127.55000305175781,128.25,126.69000244140625,127.98999786376953,2437100
2005-12-23,127.94999694824219,128.47000122070312,127.4000015258789,128.11000061035156,1670200
2005-12-27,128.6999969482422,129.39999389648438,127.83000183105469,128.25999450683594,2826500
2005-12-28,128.3000030517578,128.80999755859375,127.63999938964844,127.9800033569336,1809100
2005-12-29,127.44999694824219,128.74000549316406,127.44999694824219,128.02000427246094,1684500
2005-12-30,127.1500015258789,128.07000732421875,126.69999694824219,127.70999908447266,1962500
2006-01-03,126.69999694824219,129.44000244140625,124.2300033569336,128.8699951171875,6188700
2006-01-04,127.3499984741211,128.91000366210938,126.37999725341797,127.08999633789062,4861600
2006-01-05,126.0,127.31999969482422,125.61000061035156,127.04000091552734,3717400
2006-01-06,127.29000091552734,129.25,127.29000091552734,128.83999633789062,4319600
2006-01-09,128.5,130.6199951171875,128.0,130.38999938964844,4723500
2006-01-10,130.0500030517578,132.9499969482422,130.02000427246094,132.02999877929688,5536800
2006-01-11,131.4499969482422,133.8000030517578,131.4199981689453,131.97000122070312,4671400
2006-01-12,131.39999389648438,133.2100067138672,131.3800048828125,132.25,3725500
2006-01-13,132.02000427246094,133.66000366210938,131.89999389648438,133.25999450683594,2894900
2006-01-17,131.0,133.1300048828125,130.58999633789062,132.58999633789062,3621600
2006-01-18,131.05999755859375,132.67999267578125,131.00999450683594,132.3699951171875,4302700
2006-01-19,132.72000122070312,134.82000732421875,132.7100067138672,133.82000732421875,5010700
2006-01-20,132.85000610351562,134.05999755859375,131.25,131.44000244140625,5679900
2006-01-23,131.63999938964844,134.17999267578125,131.63999938964844,132.8699951171875,3847900
2006-01-24,132.6300048828125,134.08999633789062,132.33999633789062,133.0,3758000
2006-01-25,133.64999389648438,134.0399932861328,132.4600067138672,133.55999755859375,3740500
2006-01-26,133.00999450683594,138.36000061035156,133.00999450683594,137.39999389648438,4808200
2006-01-27,137.92999267578125,139.75,137.10000610351562,138.94000244140625,3687900
2006-01-30,139.5500030517578,140.63999938964844,138.7100067138672,139.8699951171875,3168600
2006-01-31,139.72999572753906,141.86000061035156,138.4499969482422,141.25,4906200
2006-02-01,141.39999389648438,142.9499969482422,140.42999267578125,141.7100067138672,3635900
2006-02-02,142.27000427246094,143.77000427246094,141.39999389648438,142.52000427246094,3711000
2006-02-03,141.5500030517578,143.1199951171875,140.6999969482422,142.74000549316406,4178900
2006-02-06,142.61000061035156,144.10000610351562,141.60000610351562,142.82000732421875,3849300
2006-02-07,142.35000610351562,143.30999755859375,139.47999572753906,139.47999572753906,5207700
2006-02-08,140.10000610351562,141.92999267578125,139.32000732421875,141.13999938964844,4481400
2006-02-09,141.13999938964844,142.85000610351562,140.49000549316406,140.85000610351562,3059500
2006-02-10,140.6699981689453,141.85000610351562,137.8000030517578,140.80999755859375,4433100
2006-02-13,139.64999389648438,141.8000030517578,139.14999389648438,139.64999389648438,2155200
2006-02-14,141.1999969482422,142.32000732421875,138.77000427246094,141.77999877929688,3003100
2006-02-15,142.0,145.5,141.39999389648438,145.13999938964844,4330700
2006-02-16,146.10000610351562,146.35000610351562,144.2100067138672,145.89999389648438,2847300
2006-02-17,146.19000244140625,146.22000122070312,144.05999755859375,145.5399932861328,2407200
2006-02-21,145.55999755859375,145.75,143.00999450683594,143.4499969482422,2539800
2006-02-22,143.4499969482422,145.52999877929688,143.22999572753906,145.52999877929688,2664200
2006-02-23,145.61000061035156,145.61000061035156,143.7899932861328,143.9600067138672,2457400
2006-02-24,143.0500030517578,145.39999389648438,143.0500030517578,144.16000366210938,2314700
2006-02-27,144.80999755859375,145.25,143.33999633789062,143.82000732421875,2282200
2006-02-28,143.60000610351562,144.16000366210938,141.11000061035156,141.2899932861328,3911700
2006-03-01,141.97999572753906,143.74000549316406,141.55999755859375,143.14999389648438,2989900
2006-03-02,143.07000732421875,144.86000061035156,142.24000549316406,144.0,2902300
2006-03-03,143.5,147.47999572753906,143.10000610351562,146.0,4042700
2006-03-06,146.5399932861328,147.0800018310547,144.30999755859375,145.02000427246094,2900600
2006-03-07,144.3699951171875,144.4600067138672,143.1699981689453,144.27999877929688,2775400
2006-03-08,143.5500030517578,144.6699981689453,141.25999450683594,142.49000549316406,3633100
2006-03-09,142.66000366210938,143.39999389648438,141.1999969482422,141.6999969482422,2262100
2006-03-10,141.6300048828125,142.4499969482422,140.14999389648438,141.52999877929688,3247000
2006-03-13,141.5500030517578,142.9499969482422,139.17999267578125,140.72000122070312,4945700
2006-03-14,145.9199981689453,149.5,145.6199951171875,149.4199981689453,11360100
2006-03-15,148.3000030517578,149.63999938964844,147.58999633789062,149.0,7557100
2006-03-16,149.10000610351562,149.69000244140625,147.4499969482422,147.69000244140625,6025800
2006-03-17,148.25,151.5399932861328,148.02999877929688,150.36000061035156,6670000
2006-03-20,150.0500030517578,152.66000366210938,149.8000030517578,152.17999267578125,4896800
2006-03-21,151.61000061035156,152.0,149.00999450683594,149.39999389648438,4460600
2006-03-22,148.3000030517578,152.36000061035156,148.3000030517578,151.82000732421875,3770800
2006-03-23,151.1699981689453,151.9600067138672,150.4499969482422,151.6699981689453,3852700
2006-03-24,151.67999267578125,152.57000732421875,150.8800048828125,152.1699981689453,2651700
2006-03-27,152.1300048828125,155.36000061035156,152.1300048828125,155.0,4314600
2006-03-28,155.00999450683594,157.82000732421875,154.16000366210938,154.16000366210938,6481600
2006-03-29,154.89999389648438,157.57000732421875,154.83999633789062,156.89999389648438,4458100
2006-03-30,157.72999572753906,159.6300048828125,155.7100067138672,156.80999755859375,4771000
2006-03-31,157.0,158.3800048828125,156.25,156.9600067138672,3298400
2006-04-03,157.99000549316406,159.8800048828125,156.9199981689453,158.1199951171875,3979800
2006-04-04,158.1199951171875,161.36000061035156,158.1199951171875,161.0,5088800
2006-04-05,160.5,161.9199981689453,160.0,160.75,4191500
2006-04-06,160.07000732421875,162.07000732421875,160.07000732421875,162.0399932861328,4180900
2006-04-07,162.0399932861328,163.16000366210938,159.88999938964844,161.02000427246094,4964100
2006-04-10,162.5,164.0500030517578,161.4499969482422,162.4600067138672,4470700
2006-04-11,163.0,163.3000030517578,158.50999450683594,159.14999389648438,4962800
2006-04-12,159.6300048828125,160.3000030517578,158.39999389648438,159.52000427246094,3404000
2006-04-13,158.4499969482422,159.69000244140625,158.1999969482422,159.42999267578125,2217100
2006-04-17,160.25,163.2100067138672,160.0,161.94000244140625,3381700
2006-04-18,162.75,166.17999267578125,161.32000732421875,165.5500030517578,4828300
2006-04-19,164.5500030517578,167.57000732421875,163.60000610351562,167.0500030517578,4670400
2006-04-20,166.05999755859375,169.30999755859375,166.05999755859375,168.5500030517578,4893900
2006-04-21,168.6199951171875,168.66000366210938,165.32000732421875,165.88999938964844,3591500
2006-04-24,165.5,166.27000427246094,163.5,165.35000610351562,3431400
2006-04-25,165.35000610351562,165.60000610351562,161.75999450683594,162.8000030517578,3361400
2006-04-26,163.5,164.64999389648438,162.1999969482422,163.39999389648438,3032600
2006-04-27,163.35000610351562,165.7899932861328,162.10000610351562,163.97000122070312,4063900
2006-04-28,163.80999755859375,164.88999938964844,158.64999389648438,160.2899932861328,5349000
2006-05-01,160.3000030517578,161.6699981689453,156.0800018310547,156.4499969482422,5652300
2006-05-02,157.60000610351562,160.0,157.1199951171875,158.8300018310547,3710700
2006-05-03,159.5,159.85000610351562,157.75,159.14999389648438,2521000
2006-05-04,159.16000366210938,160.3300018310547,158.0,158.0399932861328,2554600
2006-05-05,159.75,164.60000610351562,159.69000244140625,164.38999938964844,3737500
2006-05-08,164.38999938964844,166.5500030517578,162.1999969482422,163.52999877929688,2395700
2006-05-09,163.75,166.25999450683594,163.6999969482422,165.75,2615300
2006-05-10,164.85000610351562,165.41000366210938,162.0500030517578,164.08999633789062,3215800
2006-05-11,164.3800048828125,164.49000549316406,158.60000610351562,159.27999877929688,3639600
2006-05-12,158.75,159.6999969482422,156.07000732421875,156.11000061035156,4579300
2006-05-15,154.60000610351562,157.0,151.11000061035156,153.13999938964844,6119200
2006-05-16,153.60000610351562,155.11000061035156,150.6199951171875,152.6999969482422,4016000
2006-05-17,150.85000610351562,151.14999389648438,147.0,148.2100067138672,7477600
2006-05-18,149.36000061035156,150.25,146.25,147.02999877929688,6076200
2006-05-19,148.3000030517578,150.4499969482422,146.75,149.41000366210938,6502500
2006-05-22,148.50999450683594,148.50999450683594,143.33999633789062,146.14999389648438,8472600
2006-05-23,148.0500030517578,148.8800048828125,143.6999969482422,143.6999969482422,5606600
2006-05-24,143.64999389648438,145.58999633789062,140.4199981689453,143.9199981689453,8759600
2006-05-25,145.1999969482422,147.32000732421875,144.67999267578125,147.32000732421875,5611300
2006-05-26,150.0,152.94000244140625,149.47000122070312,152.94000244140625,5749700
2006-05-30,151.0,151.9499969482422,149.25,149.8300018310547,5217200
2006-05-31,151.3000030517578,152.38999938964844,149.14999389648438,150.9499969482422,5262200
2006-06-01,150.9199981689453,153.58999633789062,150.19000244140625,153.5500030517578,4206200
2006-06-02,155.5,157.0,153.60000610351562,154.08999633789062,4253400
2006-06-05,154.9499969482422,156.2899932861328,149.85000610351562,150.39999389648438,5400000
2006-06-06,151.38999938964844,152.05999755859375,147.5,149.24000549316406,6562400
2006-06-07,149.25,152.52999877929688,148.3000030517578,149.9499969482422,4319900
2006-06-08,148.8000030517578,150.6699981689453,144.5,149.75999450683594,7885500
2006-06-09,151.0,152.10000610351562,148.99000549316406,149.88999938964844,4407300
2006-06-12,150.3000030517578,150.72000122070312,145.0,145.0,5860300
2006-06-13,144.5,145.5,138.00999450683594,139.25,15679700
2006-06-14,139.75,141.75999450683594,136.7899932861328,138.5,10541300
2006-06-15,140.39999389648438,145.19000244140625,140.07000732421875,144.1199951171875,10870200
2006-06-16,143.3000030517578,144.58999633789062,142.61000061035156,144.0,6368000
2006-06-19,144.97999572753906,145.75,142.9499969482422,143.75,6517300
2006-06-20,144.64999389648438,145.99000549316406,143.58999633789062,145.25999450683594,5808700
2006-06-21,145.77000427246094,150.32000732421875,145.5,149.8300018310547,7645900
2006-06-22,149.7100067138672,150.5,146.9499969482422,148.30999755859375,4402000
2006-06-23,147.85000610351562,149.39999389648438,147.2100067138672,147.9199981689453,3488000
2006-06-26,148.9199981689453,149.9499969482422,148.10000610351562,149.89999389648438,3799600
2006-06-27,149.0500030517578,150.88999938964844,147.16000366210938,147.16000366210938,3666400
2006-06-28,147.41000366210938,148.5,145.07000732421875,146.49000549316406,4907100
2006-06-29,148.10000610351562,152.1999969482422,146.35000610351562,152.1999969482422,6656800
2006-06-30,152.1999969482422,152.72000122070312,149.5,150.42999267578125,5973300
2006-07-03,151.92999267578125,152.7899932861328,151.33999633789062,152.4499969482422,3250500
2006-07-05,151.6999969482422,151.6999969482422,150.0,150.9499969482422,4478600
2006-07-06,152.2899932861328,152.3000030517578,150.1999969482422,150.5800018310547,3441000
2006-07-07,150.00999450683594,150.5,148.44000244140625,148.50999450683594,3618700
2006-07-10,149.25,150.41000366210938,148.16000366210938,148.85000610351562,2946100
2006-07-11,148.39999389648438,149.0,146.5500030517578,148.6699981689453,3817200
2006-07-12,148.6999969482422,149.22999572753906,145.07000732421875,145.27000427246094,4300100
2006-07-13,144.02999877929688,145.1999969482422,142.10000610351562,142.5500030517578,6116700
2006-07-14,143.10000610351562,143.5,138.97000122070312,140.10000610351562,5659400
2006-07-17,140.10000610351562,142.27000427246094,139.1999969482422,140.8699951171875,4528700
2006-07-18,140.6199951171875,142.47999572753906,139.89999389648438,142.33999633789062,5874300
2006-07-19,142.6999969482422,147.85000610351562,142.6999969482422,146.97000122070312,6079400
2006-07-20,146.6999969482422,147.8000030517578,145.0,145.17999267578125,4264500
2006-07-21,145.0500030517578,145.05999755859375,141.8000030517578,142.0399932861328,4682400
2006-07-24,143.3000030517578,147.5,143.05999755859375,146.89999389648438,4610700
2006-07-25,146.89999389648438,149.6699981689453,145.33999633789062,148.49000549316406,4984000
2006-07-26,147.5,148.82000732421875,146.69000244140625,147.3800048828125,3326000
2006-07-27,148.6999969482422,149.6300048828125,147.58999633789062,148.25999450683594,4085900
2006-07-28,149.64999389648438,152.35000610351562,149.3300018310547,151.72000122070312,4752200
2006-07-31,151.60000610351562,153.72999572753906,150.66000366210938,152.75,4370000
2006-08-01,151.6300048828125,151.74000549316406,149.58999633789062,151.25999450683594,3468500
2006-08-02,150.25999450683594,150.5,147.5399932861328,149.89999389648438,6139300
2006-08-03,148.75,153.14999389648438,148.47000122070312,152.10000610351562,3854000
2006-08-04,154.0,156.2899932861328,152.1699981689453,152.99000549316406,4892300
2006-08-07,152.1199951171875,154.85000610351562,151.75999450683594,152.64999389648438,3029800
2006-08-08,152.64999389648438,155.39999389648438,150.49000549316406,151.4499969482422,6199900
2006-08-09,153.5,153.75,149.60000610351562,150.00999450683594,4234300
2006-08-10,149.5,152.1199951171875,148.5,151.6300048828125,3782100
2006-08-11,152.35000610351562,152.8699951171875,149.99000549316406,151.11000061035156,2576500
2006-08-14,152.47999572753906,153.00999450683594,149.42999267578125,150.3699951171875,3110900
2006-08-15,152.3800048828125,153.99000549316406,151.2100067138672,152.64999389648438,4907000
2006-08-16,153.9499969482422,155.0500030517578,152.72000122070312,154.99000549316406,3563900
2006-08-17,153.89999389648438,156.8699951171875,153.85000610351562,154.4499969482422,3365700
2006-08-18,154.4499969482422,154.75,153.0,154.67999267578125,2742100
2006-08-21,153.16000366210938,154.25,151.63999938964844,153.8300018310547,3731200
2006-08-22,154.36000061035156,155.00999450683594,153.0500030517578,154.14999389648438,3696600
2006-08-23,153.41000366210938,154.75,152.14999389648438,152.6999969482422,2811300
2006-08-24,153.5500030517578,153.60000610351562,150.75,151.39999389648438,3100000
2006-08-25,150.69000244140625,151.4199981689453,149.75,150.07000732421875,2476200
2006-08-28,148.25,150.5399932861328,147.8800048828125,149.52999877929688,4151000
2006-08-29,149.60000610351562,149.7899932861328,145.66000366210938,147.08999633789062,4939600
2006-08-30,147.1999969482422,147.75999450683594,146.4199981689453,147.05999755859375,2938000
2006-08-31,147.07000732421875,148.75,147.07000732421875,148.64999389648438,2834300
2006-09-01,148.6999969482422,149.42999267578125,147.1300048828125,149.13999938964844,3453100
2006-09-05,149.75,151.50999450683594,149.0500030517578,151.27999877929688,3576000
2006-09-06,150.64999389648438,151.44000244140625,149.9199981689453,150.6699981689453,2962200
2006-09-07,150.10000610351562,150.67999267578125,148.35000610351562,148.57000732421875,3577600
2006-09-08,151.0,151.0,147.52000427246094,149.8000030517578,3277400
2006-09-11,149.25,151.22999572753906,149.14999389648438,151.0,3134200
2006-09-12,154.75,159.75,154.7100067138672,158.2899932861328,10644400
2006-09-13,157.6999969482422,162.25999450683594,156.80999755859375,160.86000061035156,7605900
2006-09-14,159.75,163.17999267578125,159.52000427246094,162.52000427246094,5496800
2006-09-15,162.5,163.75,161.52000427246094,162.7100067138672,6845100
2006-09-18,162.02000427246094,164.8000030517578,162.0,163.22000122070312,5733300
2006-09-19,163.0800018310547,164.22000122070312,162.30999755859375,163.38999938964844,4851400
2006-09-20,164.6300048828125,167.16000366210938,164.22999572753906,166.60000610351562,6403800
2006-09-21,167.5,169.69000244140625,165.86000061035156,167.14999389648438,8052600
2006-09-22,166.9499969482422,168.3300018310547,165.75999450683594,167.52000427246094,5103900
2006-09-25,167.89999389648438,169.4199981689453,167.0,168.69000244140625,4780000
2006-09-26,167.94000244140625,169.9199981689453,167.02000427246094,168.67999267578125,6095300
2006-09-27,168.92999267578125,169.89999389648438,167.25,169.0,5185300
2006-09-28,168.9499969482422,170.0,167.8000030517578,170.0,4413800
2006-09-29,170.0500030517578,171.14999389648438,169.10000610351562,169.1699981689453,4394400
2006-10-02,168.50999450683594,171.4499969482422,168.50999450683594,170.69000244140625,4143700
2006-10-03,170.44000244140625,174.39999389648438,170.10000610351562,174.1999969482422,5823500
2006-10-04,173.30999755859375,176.66000366210938,173.30999755859375,176.55999755859375,8069400
2006-10-05,176.52000427246094,176.52000427246094,174.69000244140625,175.5,5749400
2006-10-06,174.32000732421875,176.0,173.8000030517578,175.64999389648438,4898200
2006-10-09,175.39999389648438,177.49000549316406,175.32000732421875,177.4499969482422,3985500
2006-10-10,177.0500030517578,179.85000610351562,176.7899932861328,178.86000061035156,6559900
2006-10-11,177.3000030517578,178.97000122070312,176.75,178.97000122070312,5615300
2006-10-12,179.27000427246094,181.9199981689453,178.61000061035156,181.50999450683594,5754200
2006-10-13,181.2100067138672,183.9600067138672,180.64999389648438,183.85000610351562,5163300
2006-10-16,183.82000732421875,185.47999572753906,183.08999633789062,185.22000122070312,4699100
2006-10-17,184.22000122070312,184.7100067138672,182.13999938964844,183.07000732421875,5867200
2006-10-18,184.07000732421875,184.64999389648438,181.85000610351562,182.97000122070312,6127000
2006-10-19,181.25,182.6300048828125,179.89999389648438,180.0500030517578,5560400
2006-10-20,179.72000122070312,180.69000244140625,178.85000610351562,180.39999389648438,4206600
2006-10-23,180.22999572753906,184.8699951171875,180.2100067138672,184.6999969482422,4695800
2006-10-24,184.52000427246094,188.25,184.39999389648438,187.83999633789062,5516100
2006-10-25,188.63999938964844,189.69000244140625,187.16000366210938,188.61000061035156,5224400
2006-10-26,189.17999267578125,193.60000610351562,188.2899932861328,193.3800048828125,5732100
2006-10-27,192.00999450683594,193.22999572753906,188.38999938964844,188.6699981689453,5703200
2006-10-30,188.0,190.5500030517578,186.6999969482422,189.75,5354900
2006-10-31,190.0,191.02000427246094,188.8800048828125,189.7899932861328,4548300
2006-11-01,191.0,192.2100067138672,184.75,185.0,7731800
2006-11-02,184.50999450683594,187.7899932861328,182.6999969482422,187.38999938964844,6191000
2006-11-03,188.89999389648438,188.9499969482422,185.3000030517578,187.1300048828125,4153100
2006-11-06,187.67999267578125,191.6999969482422,187.67999267578125,190.0,4639000
2006-11-07,190.1999969482422,191.4199981689453,188.55999755859375,188.67999267578125,3697900
2006-11-08,187.64999389648438,189.9199981689453,186.5,188.77000427246094,3989800
2006-11-09,188.39999389648438,189.0,184.77999877929688,184.77999877929688,4488400
2006-11-10,185.4600067138672,187.07000732421875,184.60000610351562,187.05999755859375,3319800
2006-11-13,187.64999389648438,189.8000030517578,187.22999572753906,187.72999572753906,3382300
2006-11-14,188.39999389648438,190.94000244140625,185.39999389648438,190.36000061035156,4702800
2006-11-15,190.3699951171875,194.32000732421875,189.83999633789062,193.11000061035156,5090900
2006-11-16,194.0,196.8000030517578,194.0,196.72000122070312,4784000
2006-11-17,195.97999572753906,197.0,194.8800048828125,195.0399932861328,3397300
2006-11-20,195.35000610351562,198.11000061035156,195.02999877929688,197.4499969482422,3344800
2006-11-21,199.0,199.88999938964844,198.2899932861328,199.75999450683594,3447600
2006-11-22,200.0,202.47000122070312,199.99000549316406,202.2899932861328,3057200
2006-11-24,200.22999572753906,203.35000610351562,199.14999389648438,201.60000610351562,1978600
2006-11-27,201.35000610351562,202.10000610351562,193.11000061035156,193.11000061035156,6328200
2006-11-28,193.0,197.49000549316406,191.5,197.1199951171875,5864900
2006-11-29,197.99000549316406,199.4499969482422,193.05999755859375,196.22000122070312,5915000
2006-11-30,195.97999572753906,196.4499969482422,193.17999267578125,194.8000030517578,4082500
2006-12-01,195.6999969482422,196.42999267578125,191.52000427246094,194.5,4820900
2006-12-04,195.64999389648438,200.0800018310547,195.38999938964844,200.0500030517578,4259100
2006-12-05,199.6999969482422,202.25,198.2100067138672,201.61000061035156,3733000
2006-12-06,202.0,205.0500030517578,201.0,205.0,4133200
2006-12-07,206.6999969482422,206.6999969482422,200.0,200.1999969482422,5237500
2006-12-08,200.24000549316406,205.25999450683594,200.0,205.10000610351562,4968600
2006-12-11,205.5,205.5,201.83999633789062,202.52000427246094,5905800
2006-12-12,200.2100067138672,203.85000610351562,198.44000244140625,200.0,8926200
2006-12-13,200.72000122070312,201.77999877929688,198.0,198.30999755859375,5823000
2006-12-14,199.1999969482422,200.8000030517578,197.6300048828125,200.1300048828125,5081500
2006-12-15,200.61000061035156,201.9499969482422,199.8000030517578,199.83999633789062,5451400
2006-12-18,200.5,203.58999633789062,199.63999938964844,203.24000549316406,6018800
2006-12-19,201.97999572753906,202.6699981689453,200.42999267578125,201.24000549316406,4865700
2006-12-20,201.7899932861328,204.30999755859375,201.24000549316406,201.3699951171875,4336800
2006-12-21,202.36000061035156,202.69000244140625,197.6999969482422,198.10000610351562,4661800
2006-12-22,199.10000610351562,199.14999389648438,195.66000366210938,198.08999633789062,3500600
2006-12-26,198.89999389648438,200.60000610351562,198.2899932861328,199.86000061035156,2575600
2006-12-27,199.86000061035156,202.2899932861328,199.72000122070312,201.9499969482422,2887200
2006-12-28,202.3300018310547,202.47999572753906,199.75999450683594,200.8000030517578,2395600
2006-12-29,200.92999267578125,202.39999389648438,199.32000732421875,199.35000610351562,2762500
2007-01-03,200.60000610351562,203.32000732421875,197.82000732421875,200.72000122070312,6494900
2007-01-04,200.22000122070312,200.6699981689453,198.07000732421875,198.85000610351562,6460200
2007-01-05,198.42999267578125,200.0,197.89999389648438,199.0500030517578,5892900
2007-01-08,199.0500030517578,203.9499969482422,198.10000610351562,203.72999572753906,7851000
2007-01-09,203.5399932861328,204.89999389648438,202.0,204.0800018310547,7147100
2007-01-10,203.39999389648438,208.44000244140625,201.5,208.11000061035156,8025700
2007-01-11,208.33999633789062,213.1699981689453,207.60000610351562,211.8800048828125,9039400
2007-01-12,210.89999389648438,214.22000122070312,210.39999389648438,213.99000549316406,6618900
2007-01-16,210.85000610351562,215.1300048828125,210.85000610351562,213.58999633789062,5846600
2007-01-17,212.1999969482422,214.08999633789062,210.85000610351562,213.22999572753906,5306300
2007-01-18,213.75,214.80999755859375,209.10000610351562,209.67999267578125,6423200
2007-01-19,209.0800018310547,211.44000244140625,208.83999633789062,210.2899932861328,5333700
2007-01-22,211.08999633789062,213.25,209.60000610351562,212.97000122070312,4980700
2007-01-23,212.82000732421875,213.4199981689453,210.64999389648438,212.63999938964844,6293400
2007-01-24,213.50999450683594,220.1699981689453,213.02999877929688,220.10000610351562,6386800
2007-01-25,219.8300018310547,220.50999450683594,212.50999450683594,213.07000732421875,7853800
2007-01-26,214.55999755859375,214.89999389648438,210.60000610351562,213.5,7458200
2007-01-29,213.89999389648438,215.0800018310547,210.1300048828125,211.0399932861328,5890700
2007-01-30,211.0800018310547,212.30999755859375,208.3699951171875,208.77999877929688,6001000
2007-01-31,208.3000030517578,212.75,207.2899932861328,212.16000366210938,7235100
2007-02-01,213.44000244140625,213.89999389648438,209.72999572753906,212.0,5734500
2007-02-02,211.0,213.89999389648438,211.0,213.42999267578125,3527000
2007-02-05,213.3000030517578,213.72000122070312,211.5,212.5500030517578,2995700
2007-02-06,213.2899932861328,215.86000061035156,212.6999969482422,214.64999389648438,3803100
2007-02-07,215.02999877929688,215.85000610351562,213.10000610351562,213.5500030517578,3621700
2007-02-08,212.08999633789062,215.2100067138672,209.80999755859375,213.89999389648438,5410500
2007-02-09,215.77000427246094,219.25999450683594,210.5800018310547,213.27999877929688,9109300
2007-02-12,213.75,214.0,209.8699951171875,211.1300048828125,5384400
2007-02-13,211.97999572753906,213.3000030517578,210.47000122070312,212.52999877929688,4022000
2007-02-14,213.6999969482422,219.10000610351562,212.7899932861328,217.39999389648438,7696400
2007-02-15,217.94000244140625,218.83999633789062,216.41000366210938,216.82000732421875,3627200
2007-02-16,215.9600067138672,217.5,215.02000427246094,216.9199981689453,3118500
2007-02-20,218.3300018310547,221.89999389648438,215.97000122070312,220.94000244140625,6225500
2007-02-21,219.25,221.5,218.16000366210938,220.14999389648438,5225500
2007-02-22,221.0,222.75,218.0,218.97000122070312,4273400
2007-02-23,219.16000366210938,219.8000030517578,215.5500030517578,216.5,5507400
2007-02-26,217.99000549316406,218.3699951171875,212.66000366210938,214.0,5552700
2007-02-27,209.75,210.39999389648438,194.64999389648438,196.0,18817600
2007-02-28,200.39999389648438,203.85000610351562,197.7899932861328,201.75,15940000
2007-03-01,197.1199951171875,202.6999969482422,194.0800018310547,199.66000366210938,14141300
2007-03-02,198.1999969482422,200.9199981689453,195.58999633789062,195.6699981689453,9842200
2007-03-05,193.5500030517578,197.49000549316406,189.85000610351562,190.0,13391800
2007-03-06,193.89999389648438,198.1999969482422,193.6999969482422,197.3699951171875,10796300
2007-03-07,197.47999572753906,199.0,195.5,195.58999633789062,8459500
2007-03-08,198.02999877929688,202.02000427246094,198.0,199.94000244140625,10789400
2007-03-09,202.9499969482422,202.99000549316406,198.86000061035156,201.6999969482422,7676900
2007-03-12,200.0,202.88999938964844,198.86000061035156,202.60000610351562,9623200
2007-03-13,204.9600067138672,208.55999755859375,198.52000427246094,199.02999877929688,31973100
2007-03-14,200.0,202.16000366210938,197.5399932861328,200.14999389648438,20394300
2007-03-15,200.0,202.3699951171875,199.5,200.88999938964844,9741600
2007-03-16,200.7899932861328,201.0500030517578,198.27000427246094,199.0,10875200
2007-03-19,201.32000732421875,202.5,200.44000244140625,202.44000244140625,8186200
2007-03-20,202.49000549316406,204.42999267578125,202.0,204.0,6641900
2007-03-21,205.33999633789062,211.50999450683594,204.16000366210938,210.9499969482422,10934100
2007-03-22,211.6999969482422,211.75,209.2899932861328,210.0800018310547,8016100
2007-03-23,210.05999755859375,211.88999938964844,209.7100067138672,211.88999938964844,5106800
2007-03-26,212.00999450683594,212.22000122070312,209.3000030517578,211.72999572753906,6525100
2007-03-27,211.00999450683594,211.72999572753906,209.74000549316406,209.8699951171875,4806100
2007-03-28,208.2100067138672,208.6699981689453,206.19000244140625,206.75999450683594,7991200
2007-03-29,208.08999633789062,208.88999938964844,206.3000030517578,207.1999969482422,6380800
2007-03-30,207.44000244140625,209.02999877929688,204.6999969482422,206.6300048828125,5177000
2007-04-02,207.6699981689453,207.67999267578125,203.2899932861328,205.64999389648438,5797000
2007-04-03,207.0,209.75,206.47000122070312,209.75,5015300
2007-04-04,209.4499969482422,209.9499969482422,208.2100067138672,208.7899932861328,4141600
2007-04-05,208.5,208.5,207.41000366210938,207.92999267578125,3010800
2007-04-09,208.57000732421875,209.8699951171875,207.4499969482422,208.94000244140625,3610500
2007-04-10,208.3000030517578,209.80999755859375,208.2100067138672,209.0500030517578,3002700
2007-04-11,208.6999969482422,208.8699951171875,206.61000061035156,206.92999267578125,5550400
2007-04-12,206.25,207.52000427246094,205.38999938964844,207.0500030517578,3946200
2007-04-13,207.9499969482422,207.9499969482422,205.61000061035156,206.5,4320400
2007-04-16,208.24000549316406,215.22999572753906,208.1199951171875,214.52000427246094,10003000
2007-04-17,215.14999389648438,216.8699951171875,213.5399932861328,214.89999389648438,6064400
2007-04-18,214.10000610351562,218.5399932861328,213.97000122070312,216.75,6077200
2007-04-19,215.33999633789062,221.7100067138672,214.8000030517578,219.2899932861328,8880000
2007-04-20,221.22999572753906,222.19000244140625,218.3699951171875,220.0,7393900
2007-04-23,221.0,223.97999572753906,220.47999572753906,222.4199981689453,5816300
2007-04-24,222.75,223.24000549316406,218.7100067138672,220.72000122070312,6724800
2007-04-25,221.89999389648438,226.0500030517578,220.10000610351562,225.60000610351562,7627000
2007-04-26,225.89999389648438,226.61000061035156,224.1699981689453,224.80999755859375,4730800
2007-04-27,224.0500030517578,225.7100067138672,222.99000549316406,224.27999877929688,3597400
2007-04-30,224.36000061035156,224.97999572753906,218.47999572753906,218.61000061035156,5484500
2007-05-01,219.0800018310547,219.91000366210938,215.35000610351562,218.5800018310547,6295500
2007-05-02,218.0,221.9199981689453,217.4499969482422,219.49000549316406,4859500
2007-05-03,220.38999938964844,221.92999267578125,218.5500030517578,221.55999755859375,4414600
2007-05-04,222.60000610351562,227.33999633789062,221.42999267578125,227.33999633789062,5632300
2007-05-07,227.0,229.89999389648438,225.60000610351562,227.22000122070312,4637000
2007-05-08,225.9199981689453,225.99000549316406,222.9600067138672,224.9499969482422,4879700
2007-05-09,224.9499969482422,227.67999267578125,223.35000610351562,226.57000732421875,5195100
2007-05-10,225.5,226.97999572753906,222.9499969482422,223.10000610351562,4963100
2007-05-11,223.91000366210938,227.5500030517578,223.60000610351562,227.5,4956100
2007-05-14,228.02999877929688,229.0,225.35000610351562,226.17999267578125,4761900
2007-05-15,226.19000244140625,228.3300018310547,224.25999450683594,224.3800048828125,5771800
2007-05-16,225.58999633789062,227.9600067138672,224.52000427246094,227.11000061035156,5161400
2007-05-17,226.75,227.92999267578125,225.25,227.3800048828125,4185200
2007-05-18,228.5500030517578,231.22000122070312,227.9499969482422,230.33999633789062,6726900
2007-05-21,230.64999389648438,231.69000244140625,228.55999755859375,229.22999572753906,7778600
2007-05-22,229.7899932861328,231.66000366210938,228.75,230.7100067138672,3568400
2007-05-23,231.6999969482422,232.41000366210938,228.42999267578125,228.5399932861328,4276600
2007-05-24,229.3699951171875,230.75,225.0500030517578,225.67999267578125,6211000
2007-05-25,226.80999755859375,226.9499969482422,224.19000244140625,225.52999877929688,4068800
2007-05-29,226.25,228.89999389648438,226.02999877929688,228.44000244140625,3734700
2007-05-30,226.25,232.0,225.60000610351562,232.0,5393000
2007-05-31,232.2100067138672,233.97000122070312,230.08999633789062,230.82000732421875,4578100
2007-06-01,232.0800018310547,232.88999938964844,229.58999633789062,230.7100067138672,4093200
2007-06-04,230.0,230.64999389648438,227.94000244140625,229.7100067138672,3411600
2007-06-05,229.36000061035156,230.3300018310547,228.25,229.36000061035156,3676600
2007-06-06,227.77000427246094,227.94000244140625,224.85000610351562,227.35000610351562,4411400
2007-06-07,226.2899932861328,227.4199981689453,219.33999633789062,220.0500030517578,8363600
2007-06-08,220.10000610351562,225.07000732421875,218.75,225.05999755859375,5903000
2007-06-11,225.60000610351562,227.57000732421875,224.1300048828125,227.16000366210938,4285600
2007-06-12,226.89999389648438,231.1199951171875,225.5800018310547,227.85000610351562,7474500
2007-06-13,229.0,233.63999938964844,228.0,233.63999938964844,7359000
2007-06-14,227.7100067138672,229.3000030517578,225.00999450683594,225.75,14381600
2007-06-15,227.3300018310547,228.47000122070312,226.0,226.19000244140625,7430400
2007-06-18,226.5500030517578,227.5399932861328,224.8000030517578,226.97000122070312,4370200
2007-06-19,226.16000366210938,229.57000732421875,225.49000549316406,229.47000122070312,4580200
2007-06-20,229.75,230.3300018310547,225.72000122070312,225.88999938964844,5831400
2007-06-21,225.97999572753906,226.89999389648438,222.1999969482422,226.89999389648438,8340800
2007-06-22,226.5,226.7899932861328,220.27000427246094,222.39999389648438,9778800
2007-06-25,221.11000061035156,223.1699981689453,215.0500030517578,216.74000549316406,11566700
2007-06-26,217.6999969482422,219.36000061035156,214.1699981689453,214.1699981689453,9711500
2007-06-27,214.0,219.8000030517578,212.55999755859375,219.3300018310547,9018600
2007-06-28,219.75,221.47000122070312,217.6699981689453,218.9600067138672,5980200
2007-06-29,219.5500030517578,220.44000244140625,213.69000244140625,216.75,7853800
2007-07-02,217.5,219.64999389648438,216.0,219.17999267578125,5019900
2007-07-03,220.33999633789062,224.89999389648438,219.99000549316406,224.5500030517578,4676800
2007-07-05,224.2899932861328,224.2899932861328,221.1999969482422,221.32000732421875,5385600
2007-07-06,220.75999450683594,224.22000122070312,220.6999969482422,223.63999938964844,4122400
2007-07-09,223.02000427246094,225.77000427246094,222.50999450683594,223.3000030517578,3998900
2007-07-10,220.99000549316406,222.6999969482422,216.52000427246094,217.0800018310547,7960500
2007-07-11,216.97999572753906,219.0,214.64999389648438,216.72000122070312,8924700
2007-07-12,218.47000122070312,220.2899932861328,216.72000122070312,220.2899932861328,6072900
2007-07-13,220.05999755859375,222.82000732421875,219.1999969482422,222.17999267578125,5605300
2007-07-16,221.8699951171875,223.4499969482422,219.4600067138672,220.39999389648438,4654500
2007-07-17,221.74000549316406,222.1199951171875,218.64999389648438,219.39999389648438,5582200
2007-07-18,216.02999877929688,218.52000427246094,212.33999633789062,214.99000549316406,11664000
2007-07-19,217.0800018310547,217.5,210.02999877929688,211.69000244140625,9461900
2007-07-20,211.1699981689453,211.97000122070312,204.7899932861328,205.94000244140625,14540900
2007-07-23,207.16000366210938,207.8800048828125,204.07000732421875,205.0399932861328,7760400
2007-07-24,202.6300048828125,204.55999755859375,196.77000427246094,198.14999389648438,12344500
2007-07-25,199.8000030517578,203.75,197.77999877929688,203.16000366210938,13933200
2007-07-26,198.0,199.88999938964844,189.0,195.1199951171875,22690900
2007-07-27,194.6699981689453,196.83999633789062,190.50999450683594,192.64999389648438,17054700
2007-07-30,194.52000427246094,197.60000610351562,192.4499969482422,195.74000549316406,12195100
2007-07-31,198.5500030517578,198.99000549316406,187.25,188.33999633789062,14744900
2007-08-01,187.02999877929688,189.10000610351562,182.85000610351562,189.0,16284300
2007-08-02,189.14999389648438,192.47999572753906,185.0,187.4600067138672,13133400
2007-08-03,185.41000366210938,186.83999633789062,179.67999267578125,179.67999267578125,19828300
2007-08-06,179.1999969482422,187.86000061035156,175.0,187.7899932861328,18867300
2007-08-07,186.5800018310547,194.63999938964844,185.38999938964844,191.25,22763100
2007-08-08,192.0399932861328,198.5,188.75999450683594,193.3000030517578,20622000
2007-08-09,186.16000366210938,190.64999389648438,180.7899932861328,182.25,20868400
2007-08-10,178.64999389648438,184.41000366210938,175.57000732421875,180.5,20278700
2007-08-13,185.00999450683594,187.25,176.61000061035156,177.5,15296400
2007-08-14,178.60000610351562,178.77999877929688,169.0,169.75,26255900
2007-08-15,169.0,173.52000427246094,163.8300018310547,164.89999389648438,22268000
2007-08-16,163.10000610351562,171.41000366210938,157.3800048828125,169.85000610351562,31328800
2007-08-17,178.1199951171875,180.86000061035156,170.5,175.0,26741100
2007-08-20,176.02000427246094,176.38999938964844,170.1199951171875,172.75999450683594,13174400
2007-08-21,172.5,177.3000030517578,170.0,175.47999572753906,11796100
2007-08-22,177.52000427246094,180.0500030517578,174.2899932861328,177.88999938964844,13427000
2007-08-23,179.7899932861328,180.8800048828125,175.9199981689453,177.5,10549400
2007-08-24,176.77000427246094,180.25999450683594,175.60000610351562,179.72999572753906,8935300
2007-08-27,179.3300018310547,180.0500030517578,177.25999450683594,177.9499969482422,6664000
2007-08-28,175.00999450683594,176.1300048828125,170.25,170.9499969482422,11610600
2007-08-29,172.3800048828125,174.4499969482422,167.9199981689453,173.72000122070312,12797500
2007-08-30,169.9600067138672,173.42999267578125,169.7899932861328,171.3800048828125,9559600
2007-08-31,175.64999389648438,178.10000610351562,173.8699951171875,176.00999450683594,11023700
2007-09-04,176.17999267578125,183.6999969482422,176.17999267578125,180.8000030517578,10161800
2007-09-05,179.67999267578125,179.7899932861328,176.89999389648438,177.80999755859375,8987600
2007-09-06,178.5,179.7100067138672,175.36000061035156,179.17999267578125,9250600
2007-09-07,176.60000610351562,181.0500030517578,175.0,178.97999572753906,15144300
2007-09-10,180.5,186.07000732421875,178.5,183.61000061035156,12989300
2007-09-11,185.5,187.0,182.5,183.5,11334500
2007-09-12,183.13999938964844,184.25,181.6999969482422,182.52999877929688,7737700
2007-09-13,183.75,196.0399932861328,183.72000122070312,188.47000122070312,11292300
2007-09-14,186.9499969482422,191.0,185.58999633789062,190.58999633789062,9337600
2007-09-17,189.0,189.5,186.33999633789062,187.61000061035156,7751300
2007-09-18,190.8000030517578,200.75999450683594,187.41000366210938,200.5,22107700
2007-09-19,203.49000549316406,207.0,203.0,205.5,23115400
2007-09-20,210.94000244140625,211.0,203.44000244140625,203.52999877929688,27435100
2007-09-21,205.55999755859375,210.35000610351562,203.52999877929688,209.97999572753906,18187700
2007-09-24,210.99000549316406,214.89999389648438,207.7100067138672,210.42999267578125,13439800
2007-09-25,209.0,213.07000732421875,208.80999755859375,210.89999389648438,11727900
2007-09-26,212.4199981689453,216.27000427246094,210.8000030517578,214.61000061035156,10681000
2007-09-27,215.4499969482422,218.3800048828125,214.19000244140625,216.77999877929688,8330100
2007-09-28,215.75999450683594,218.6699981689453,215.25,216.74000549316406,6156400
2007-10-01,215.41000366210938,223.6199951171875,215.39999389648438,222.97999572753906,9905600
2007-10-02,223.25,228.5,222.11000061035156,228.02000427246094,9419800
2007-10-03,226.25,230.6300048828125,225.6699981689453,227.35000610351562,10121400
2007-10-04,227.5500030517578,229.25,223.88999938964844,225.9499969482422,10039900
2007-10-05,227.11000061035156,229.72000122070312,225.9600067138672,228.5,7327700
2007-10-08,227.50999450683594,229.35000610351562,226.25999450683594,226.9600067138672,4142600
2007-10-09,227.8000030517578,239.6999969482422,226.1999969482422,239.1999969482422,15123700
2007-10-10,237.11000061035156,239.02999877929688,234.89999389648438,235.94000244140625,9685200
2007-10-11,239.02000427246094,239.02000427246094,226.0500030517578,229.00999450683594,12887100
2007-10-12,230.6699981689453,234.1999969482422,229.72999572753906,233.55999755859375,6544800
2007-10-15,233.25,234.30999755859375,227.4199981689453,229.33999633789062,7024200
2007-10-16,227.75999450683594,228.0,223.1999969482422,224.8300018310547,7415500
2007-10-17,228.25,230.47999572753906,223.0800018310547,227.6199951171875,9189000
2007-10-18,224.89999389648438,228.30999755859375,224.22000122070312,227.85000610351562,6499200
2007-10-19,226.14999389648438,227.47000122070312,217.60000610351562,217.69000244140625,13106800
2007-10-22,216.52000427246094,224.25,213.0,222.17999267578125,12163500
2007-10-23,223.6300048828125,225.8699951171875,220.91000366210938,223.75999450683594,8176600
2007-10-24,222.75999450683594,225.82000732421875,215.8000030517578,225.1199951171875,12650800
2007-10-25,224.11000061035156,230.0,221.80999755859375,226.66000366210938,12088700
2007-10-26,232.86000061035156,236.99000549316406,229.36000061035156,235.9199981689453,9389300
2007-10-29,236.22000122070312,244.97999572753906,235.07000732421875,243.80999755859375,9892400
2007-10-30,241.25,246.39999389648438,239.4499969482422,240.3300018310547,10453400
2007-10-31,240.36000061035156,250.6999969482422,240.0,247.9199981689453,14384600
2007-11-01,243.5500030517578,244.41000366210938,238.75,240.2100067138672,12579000
2007-11-02,241.8000030517578,241.8000030517578,223.44000244140625,229.60000610351562,25177900
2007-11-05,220.0,224.89999389648438,212.8000030517578,218.38999938964844,21377900
2007-11-06,221.74000549316406,224.07000732421875,213.58999633789062,223.16000366210938,15570500
2007-11-07,218.89999389648438,221.7899932861328,213.16000366210938,214.17999267578125,13210300
2007-11-08,213.6699981689453,218.0,201.57000732421875,209.94000244140625,20301400
2007-11-09,202.57000732421875,218.58999633789062,202.57000732421875,211.3300018310547,16979700
2007-11-12,210.89999389648438,221.19000244140625,208.24000549316406,214.7100067138672,14406900
2007-11-13,220.94000244140625,233.0399932861328,218.33999633789062,233.0399932861328,17393800
2007-11-14,239.75,240.0500030517578,231.0399932861328,233.30999755859375,13943300
2007-11-15,230.11000061035156,233.69000244140625,223.74000549316406,227.02000427246094,10243100
2007-11-16,228.25999450683594,229.57000732421875,222.57000732421875,225.25,10083400
2007-11-19,223.52000427246094,228.39999389648438,216.6199951171875,220.5399932861328,11007900
2007-11-20,220.39999389648438,226.22999572753906,213.5,217.47999572753906,13433000
2007-11-21,213.41000366210938,215.27000427246094,206.44000244140625,209.5,14874300
2007-11-23,212.52000427246094,216.47999572753906,211.8000030517578,216.47999572753906,4737100
2007-11-26,214.64999389648438,217.4499969482422,205.4199981689453,207.4499969482422,9815200
2007-11-27,210.0,213.97999572753906,206.19000244140625,213.3300018310547,11946400
2007-11-28,217.5800018310547,227.86000061035156,217.0800018310547,227.52000427246094,15710600
2007-11-29,226.02000427246094,228.30999755859375,222.5,224.3800048828125,9774200
2007-11-30,232.64999389648438,234.22000122070312,224.77000427246094,226.63999938964844,11878600
2007-12-03,226.08999633789062,229.35000610351562,223.60000610351562,226.88999938964844,6800300
2007-12-04,221.05999755859375,223.4600067138672,215.22000122070312,215.22000122070312,10734100
2007-12-05,219.4600067138672,220.0,214.22999572753906,218.25999450683594,12954700
2007-12-06,214.5,223.35000610351562,214.2899932861328,222.50999450683594,9987100
2007-12-07,223.00999450683594,224.0399932861328,217.02999877929688,217.88999938964844,7797700
2007-12-10,219.19000244140625,224.30999755859375,218.00999450683594,224.2100067138672,8412400
2007-12-11,224.11000061035156,227.4499969482422,210.69000244140625,211.14999389648438,12783500
2007-12-12,217.0500030517578,220.85000610351562,208.5,212.5800018310547,18041100
2007-12-13,209.85000610351562,214.24000549316406,204.94000244140625,208.47999572753906,17143300
2007-12-14,208.74000549316406,215.1999969482422,207.6999969482422,210.6699981689453,10348500
2007-12-17,209.75999450683594,211.80999755859375,207.0,208.6300048828125,13323900
2007-12-18,209.8000030517578,210.52999877929688,196.89999389648438,201.50999450683594,30016700
2007-12-19,202.67999267578125,206.10000610351562,200.63999938964844,204.16000366210938,11895100
2007-12-20,206.05999755859375,206.72000122070312,200.64999389648438,202.6699981689453,10108000
2007-12-21,205.85000610351562,210.25,205.02000427246094,209.60000610351562,10853800
2007-12-24,211.0,214.9499969482422,210.6999969482422,214.32000732421875,3419400
2007-12-26,214.08999633789062,217.3699951171875,211.5500030517578,216.69000244140625,4290500
2007-12-27,214.8800048828125,217.8000030517578,211.9499969482422,211.9499969482422,5304600
2007-12-28,214.4499969482422,214.77000427246094,211.80999755859375,211.94000244140625,4209500
2007-12-31,211.58999633789062,216.7899932861328,209.5,215.0500030517578,5834300
2008-01-02,214.8000030517578,215.0500030517578,206.60000610351562,207.60000610351562,9573500
2008-01-03,208.9199981689453,209.0399932861328,204.13999938964844,204.83999633789062,7751700
2008-01-04,201.0,204.0,198.2899932861328,199.92999267578125,10157900
2008-01-07,200.22999572753906,200.25,189.99000549316406,194.72999572753906,16044400
2008-01-08,195.80999755859375,199.5,189.0,189.5,13553700
2008-01-09,189.0399932861328,192.1999969482422,183.6999969482422,191.75,15901200
2008-01-10,189.35000610351562,199.39999389648438,187.0399932861328,196.91000366210938,14830500
2008-01-11,196.9600067138672,200.67999267578125,194.57000732421875,198.74000549316406,12400600
2008-01-14,200.1699981689453,202.22000122070312,199.02999877929688,201.64999389648438,9400200
2008-01-15,199.5500030517578,199.5500030517578,192.36000061035156,193.2899932861328,11292700
2008-01-16,193.30999755859375,201.77999877929688,192.39999389648438,197.5,13026600
2008-01-17,198.2899932861328,199.5,189.66000366210938,190.97999572753906,12283800
2008-01-18,192.1699981689453,193.38999938964844,184.60000610351562,187.2100067138672,14975700
2008-01-22,178.1699981689453,192.8300018310547,175.4199981689453,190.69000244140625,19029400
2008-01-23,186.0399932861328,199.97000122070312,184.58999633789062,199.38999938964844,17635700
2008-01-24,200.10000610351562,201.0,194.1999969482422,199.1999969482422,11987200
2008-01-25,201.50999450683594,202.0,189.91000366210938,191.3699951171875,14019500
2008-01-28,190.6199951171875,196.4600067138672,190.6199951171875,196.25,10216000
2008-01-29,197.0399932861328,198.36000061035156,194.07000732421875,196.0500030517578,7164500
2008-01-30,195.27000427246094,205.97000122070312,193.39999389648438,198.5500030517578,17597900
2008-01-31,196.4499969482422,203.2100067138672,195.0,199.5500030517578,14803500
2008-02-01,199.14999389648438,208.77999877929688,198.0,207.77999877929688,12207400
2008-02-04,207.83999633789062,208.0,199.1999969482422,200.8000030517578,9071300
2008-02-05,194.66000366210938,197.30999755859375,189.61000061035156,189.86000061035156,13276400
2008-02-06,191.47999572753906,192.85000610351562,186.25,187.1699981689453,9955500
2008-02-07,185.77000427246094,193.77000427246094,185.32000732421875,190.4600067138672,10839200
2008-02-08,189.0,190.63999938964844,185.6999969482422,187.07000732421875,7869300
2008-02-11,187.8699951171875,190.0,185.5,185.8699951171875,8875800
2008-02-12,186.17999267578125,186.25,178.5,180.64999389648438,18397200
2008-02-13,180.2899932861328,181.72999572753906,176.5,180.17999267578125,13933900
2008-02-14,178.5,181.10000610351562,176.5,176.55999755859375,10996700
2008-02-15,175.10000610351562,178.7899932861328,173.3699951171875,178.41000366210938,12449300
2008-02-19,180.30999755859375,181.3699951171875,172.67999267578125,173.8000030517578,10366600
2008-02-20,171.97000122070312,178.85000610351562,171.82000732421875,177.25,10793700
2008-02-21,178.5,179.1999969482422,174.72000122070312,175.1699981689453,8204800
2008-02-22,175.5500030517578,178.0,171.38999938964844,177.7100067138672,9631400
2008-02-25,175.35000610351562,178.0,172.07000732421875,177.36000061035156,12849200
2008-02-26,175.47999572753906,178.0,171.8699951171875,172.6999969482422,11517900
2008-02-27,171.83999633789062,181.27999877929688,171.50999450683594,180.8000030517578,15903400
2008-02-28,180.27999877929688,180.27999877929688,175.57000732421875,176.6999969482422,8828200
2008-02-29,174.38999938964844,175.5399932861328,169.0,169.6300048828125,11113300
2008-03-03,169.2899932861328,169.2899932861328,164.30999755859375,165.0800018310547,11920800
2008-03-04,163.61000061035156,166.44000244140625,160.1999969482422,163.60000610351562,17887900
2008-03-05,163.91000366210938,168.30999755859375,162.6699981689453,164.97000122070312,13270000
2008-03-06,162.9499969482422,163.58999633789062,158.1300048828125,158.64999389648438,15129200
2008-03-07,157.0,163.32000732421875,157.0,160.07000732421875,15228600
2008-03-10,159.99000549316406,164.77999877929688,155.22999572753906,155.5800018310547,13725600
2008-03-11,161.89999389648438,164.83999633789062,157.5,163.07000732421875,20415300
2008-03-12,164.02999877929688,170.05999755859375,162.61000061035156,163.00999450683594,14444900
2008-03-13,160.44000244140625,167.3000030517578,156.75999450683594,165.44000244140625,18617600
2008-03-14,167.0,167.8000030517578,155.0,156.86000061035156,27102300
2008-03-17,142.02999877929688,154.1199951171875,140.27000427246094,151.02000427246094,38648800
2008-03-18,164.9600067138672,175.8800048828125,159.75999450683594,175.58999633789062,43276100
2008-03-19,177.94000244140625,178.4600067138672,165.39999389648438,166.49000549316406,24176100
2008-03-20,166.3000030517578,180.36000061035156,166.2100067138672,179.6300048828125,20801800
2008-03-24,179.0,184.52000427246094,176.14999389648438,178.8800048828125,15643700
2008-03-25,177.50999450683594,182.64999389648438,177.13999938964844,179.6300048828125,11666800
2008-03-26,178.49000549316406,179.0500030517578,174.3300018310547,175.47999572753906,11610600
2008-03-27,176.61000061035156,177.24000549316406,167.3800048828125,168.13999938964844,15195800
2008-03-28,169.57000732421875,170.5,163.38999938964844,164.4499969482422,11978700
2008-03-31,164.1699981689453,168.49000549316406,162.85000610351562,165.38999938964844,8977400
2008-04-01,171.49000549316406,176.99000549316406,170.2100067138672,176.86000061035156,14694100
2008-04-02,177.0,181.6199951171875,176.10000610351562,176.8699951171875,12058300
2008-04-03,174.7899932861328,179.14999389648438,172.8800048828125,176.52999877929688,10755800
2008-04-04,176.5500030517578,179.3300018310547,174.0,175.39999389648438,8496700
2008-04-07,178.55999755859375,181.75,176.92999267578125,178.72999572753906,10276200
2008-04-08,177.3000030517578,181.5,176.75999450683594,178.89999389648438,8629400
2008-04-09,178.25,178.89999389648438,173.14999389648438,174.13999938964844,11425400
2008-04-10,173.89999389648438,173.89999389648438,168.8699951171875,170.5500030517578,14744400
2008-04-11,168.0,171.8699951171875,166.8699951171875,167.3000030517578,11355300
2008-04-14,166.4499969482422,167.5500030517578,163.35000610351562,163.58999633789062,9857900
2008-04-15,165.05999755859375,165.9499969482422,161.67999267578125,164.1999969482422,9134700
2008-04-16,166.14999389648438,169.1699981689453,165.91000366210938,169.0500030517578,9340800
2008-04-17,167.74000549316406,173.5,167.10000610351562,172.10000610351562,8730300
2008-04-18,176.91000366210938,183.02999877929688,176.91000366210938,179.92999267578125,16882100
2008-04-21,179.57000732421875,181.75,178.2899932861328,180.39999389648438,7820700
2008-04-22,179.77999877929688,181.3699951171875,178.5,179.75999450683594,6127000
2008-04-23,180.83999633789062,183.1999969482422,178.0,179.35000610351562,7435900
2008-04-24,180.33999633789062,189.38999938964844,179.36000061035156,188.7899932861328,13182700
2008-04-25,190.25999450683594,192.49000549316406,188.3699951171875,192.0,12187400
2008-04-28,192.49000549316406,192.5,189.88999938964844,190.24000549316406,6252600
2008-04-29,190.25,192.67999267578125,188.25,192.67999267578125,7127200
2008-04-30,193.3800048828125,194.92999267578125,189.82000732421875,191.3699951171875,10352600
2008-05-01,191.77000427246094,199.19000244140625,190.85000610351562,199.0500030517578,9483200
2008-05-02,203.38999938964844,203.38999938964844,198.0,200.27000427246094,9437100
2008-05-05,198.61000061035156,201.1199951171875,196.14999389648438,197.1199951171875,6389900
2008-05-06,194.60000610351562,199.25,193.11000061035156,197.61000061035156,7508600
2008-05-07,197.60000610351562,198.44000244140625,189.5399932861328,189.75999450683594,7075600
2008-05-08,190.75,191.38999938964844,185.25999450683594,187.72000122070312,9867500
2008-05-09,186.02000427246094,189.97999572753906,185.69000244140625,188.08999633789062,6467800
2008-05-12,189.4499969482422,192.6999969482422,187.33999633789062,192.0800018310547,5655000
2008-05-13,191.17999267578125,193.0,189.02000427246094,190.3300018310547,5776700
2008-05-14,190.60000610351562,192.49000549316406,189.33999633789062,190.1300048828125,5031700
2008-05-15,189.77999877929688,189.8000030517578,185.32000732421875,188.6199951171875,8015600
2008-05-16,189.5500030517578,189.61000061035156,186.0,187.13999938964844,6144400
2008-05-19,185.6699981689453,189.32000732421875,183.47000122070312,184.39999389648438,7009200
2008-05-20,183.3300018310547,184.89999389648438,181.25,182.42999267578125,6889900
2008-05-21,182.5500030517578,183.66000366210938,178.00999450683594,178.60000610351562,9068500
2008-05-22,176.1999969482422,179.9199981689453,175.0,177.1999969482422,8684100
2008-05-23,176.00999450683594,176.5,171.22999572753906,172.63999938964844,8145500
2008-05-27,171.75999450683594,174.6999969482422,170.8000030517578,173.9199981689453,8420000
2008-05-28,174.75999450683594,175.92999267578125,172.2100067138672,174.8300018310547,7238500
2008-05-29,174.49000549316406,179.5,174.0,176.24000549316406,7755200
2008-05-30,177.8000030517578,178.86000061035156,175.85000610351562,176.41000366210938,5697400
2008-06-02,177.0,177.6999969482422,170.80999755859375,172.33999633789062,9847400
2008-06-03,173.35000610351562,173.66000366210938,167.60000610351562,170.5800018310547,13187400
2008-06-04,170.0,175.55999755859375,169.5500030517578,172.10000610351562,10777500
2008-06-05,173.2100067138672,177.44000244140625,173.19000244140625,176.60000610351562,9721900
2008-06-06,175.07000732421875,175.07000732421875,169.44000244140625,169.44000244140625,10559000
2008-06-09,170.85000610351562,172.67999267578125,163.35000610351562,165.75999450683594,12998400
2008-06-10,163.75,169.42999267578125,163.2100067138672,167.2100067138672,11014600
2008-06-11,167.0,167.25,161.2100067138672,162.39999389648438,16468500
2008-06-12,163.24000549316406,169.69000244140625,163.24000549316406,166.75,11767100
2008-06-13,169.47000122070312,178.55999755859375,169.39999389648438,178.2899932861328,14343000
2008-06-16,177.74000549316406,184.75,176.61000061035156,182.08999633789062,16376300
2008-06-17,185.0399932861328,185.88999938964844,179.13999938964844,179.44000244140625,24422900
2008-06-18,176.66000366210938,185.35000610351562,175.55999755859375,182.77000427246094,16222400
2008-06-19,183.69000244140625,186.97999572753906,181.11000061035156,186.92999267578125,10588800
2008-06-20,185.02000427246094,186.6999969482422,182.85000610351562,183.77000427246094,11331400
2008-06-23,184.60000610351562,184.60000610351562,177.00999450683594,178.58999633789062,9840000
2008-06-24,177.6199951171875,184.60000610351562,177.33999633789062,181.97999572753906,12663400
2008-06-25,183.11000061035156,187.00999450683594,183.08999633789062,183.64999389648438,10838800
2008-06-26,179.00999450683594,180.5,175.1999969482422,176.25999450683594,13603700
2008-06-27,177.00999450683594,178.27999877929688,172.2899932861328,174.55999755859375,12670600
2008-06-30,175.55999755859375,178.25999450683594,173.2899932861328,174.89999389648438,9373300
2008-07-01,173.1300048828125,177.05999755859375,170.22999572753906,175.3300018310547,13940400
2008-07-02,176.77000427246094,182.63999938964844,175.19000244140625,178.7899932861328,16256600
2008-07-03,180.3000030517578,182.36000061035156,178.25999450683594,178.88999938964844,6185400
2008-07-07,180.69000244140625,181.91000366210938,167.38999938964844,169.82000732421875,17013300
2008-07-08,171.3699951171875,176.0,166.74000549316406,174.89999389648438,16790500
2008-07-09,175.85000610351562,177.47000122070312,167.5,169.02000427246094,12909300
2008-07-10,167.50999450683594,173.3000030517578,166.25,170.16000366210938,14106200
2008-07-11,166.35000610351562,167.8800048828125,158.5,162.47999572753906,24827400
2008-07-14,167.9199981689453,168.0,158.57000732421875,158.6699981689453,15944800
2008-07-15,157.0399932861328,163.61000061035156,152.25,157.8000030517578,25593100
2008-07-16,161.2100067138672,173.27000427246094,159.14999389648438,172.86000061035156,19366400
2008-07-17,175.6199951171875,184.4499969482422,174.85000610351562,181.24000549316406,24819100
2008-07-18,183.0800018310547,183.5,178.05999755859375,182.83999633789062,11722200
2008-07-21,184.16000366210938,184.64999389648438,179.0500030517578,180.77999877929688,8841300
2008-07-22,178.4600067138672,188.0399932861328,177.3000030517578,188.0399932861328,11268100
2008-07-23,187.97999572753906,190.0399932861328,184.69000244140625,187.8699951171875,9871900
2008-07-24,188.49000549316406,188.49000549316406,179.77000427246094,180.25999450683594,8828100
2008-07-25,181.25999450683594,182.0,176.1699981689453,178.66000366210938,7233900
2008-07-28,178.94000244140625,182.27999877929688,172.22999572753906,172.89999389648438,9264500
2008-07-29,174.6300048828125,181.8800048828125,173.36000061035156,181.6300048828125,11149700
2008-07-30,184.0,186.8300018310547,180.9600067138672,186.1699981689453,9864200
2008-07-31,183.05999755859375,186.07000732421875,182.39999389648438,184.0399932861328,6062900
2008-08-01,185.0,186.0,178.66000366210938,182.0,7495400
2008-08-04,179.66000366210938,180.58999633789062,176.1999969482422,177.86000061035156,7551900
2008-08-05,178.88999938964844,180.8300018310547,175.5,180.77000427246094,8772200
2008-08-06,179.0,180.89999389648438,177.5,179.5500030517578,5832700
2008-08-07,177.22000122070312,178.5,171.14999389648438,172.3300018310547,9103100
2008-08-08,172.75999450683594,178.4499969482422,172.02000427246094,175.9499969482422,6634600
2008-08-11,176.3800048828125,183.1999969482422,175.07000732421875,178.0,8798500
2008-08-12,173.3000030517578,173.47999572753906,166.55999755859375,167.3000030517578,14023800
2008-08-13,167.0,169.39999389648438,162.39999389648438,164.89999389648438,12391300
2008-08-14,164.61000061035156,168.89999389648438,164.11000061035156,166.58999633789062,8660000
2008-08-15,167.39999389648438,167.69000244140625,162.33999633789062,163.17999267578125,8386200
2008-08-18,162.25999450683594,162.67999267578125,159.6999969482422,160.0399932861328,7421100
2008-08-19,158.49000549316406,161.75,156.89999389648438,158.0,8966300
2008-08-20,158.1300048828125,160.44000244140625,155.3000030517578,158.25,9443400
2008-08-21,155.7899932861328,158.0,152.58999633789062,156.4199981689453,14534400
2008-08-22,159.99000549316406,160.80999755859375,156.8000030517578,159.80999755859375,8321000
2008-08-25,158.58999633789062,158.66000366210938,155.11000061035156,155.7100067138672,6122500
2008-08-26,155.50999450683594,157.86000061035156,153.3800048828125,155.91000366210938,5995500
2008-08-27,154.7100067138672,155.8800048828125,153.41000366210938,155.47999572753906,6660200
2008-08-28,157.24000549316406,161.8300018310547,156.6699981689453,161.8300018310547,8565800
2008-08-29,160.55999755859375,165.0,160.27000427246094,163.97000122070312,7586300
2008-09-02,167.5,168.91000366210938,162.6999969482422,165.32000732421875,8212100
2008-09-03,163.97000122070312,167.9199981689453,162.02999877929688,167.61000061035156,6673500
2008-09-04,166.14999389648438,167.5,160.0,160.89999389648438,7788700
2008-09-05,157.77000427246094,163.7100067138672,157.72000122070312,163.24000549316406,7539000
2008-09-08,171.0,172.4499969482422,162.50999450683594,169.72999572753906,14981500
2008-09-09,167.3000030517578,168.3800048828125,160.5,161.6699981689453,12437500
2008-09-10,159.89999389648438,161.0,155.72999572753906,157.58999633789062,12939000
2008-09-11,151.36000061035156,159.4199981689453,149.8699951171875,157.02999877929688,20752800
2008-09-12,154.3800048828125,161.77000427246094,152.35000610351562,154.2100067138672,15622500
2008-09-15,142.27999877929688,151.39999389648438,130.42999267578125,135.5,42202300
2008-09-16,118.0,135.2899932861328,116.12999725341797,133.00999450683594,48296400
2008-09-17,120.80000305175781,126.5999984741211,97.77999877929688,114.5,112060400
2008-09-18,106.0,120.0,86.30999755859375,108.0,114590700
2008-09-19,142.50999450683594,144.97999572753906,116.0,129.8000030517578,43208300
2008-09-22,132.77999877929688,135.63999938964844,120.43000030517578,120.77999877929688,21938700
2008-09-23,118.88999938964844,125.94999694824219,113.01000213623047,125.05000305175781,20037600
2008-09-24,128.44000244140625,133.6999969482422,126.0199966430664,133.0,46611300
2008-09-25,134.25,137.99000549316406,128.75999450683594,135.5,19172100
2008-09-26,132.49000549316406,137.99000549316406,129.50999450683594,137.99000549316406,15806400
2008-09-29,134.49000549316406,134.6199951171875,105.0,120.69999694824219,24147600
2008-09-30,126.88999938964844,130.0,124.5,128.0,13129900
2008-10-01,127.31999969482422,135.35000610351562,124.98999786376953,134.5,13837100
2008-10-02,132.1699981689453,133.2100067138672,128.0500030517578,131.5399932861328,10894700
2008-10-03,132.83999633789062,142.0,126.94000244140625,128.0,16080700
2008-10-06,122.0999984741211,127.16999816894531,115.0,124.0,21368000
2008-10-07,127.51000213623047,127.51000213623047,112.0199966430664,115.0,17184000
2008-10-08,110.0,121.0,107.55000305175781,113.0,18223800
2008-10-09,117.75,118.94000244140625,100.0,101.3499984741211,28150500
2008-10-10,86.11000061035156,99.4000015258789,74.0,88.80000305175781,71312700
2008-10-13,98.93000030517578,115.6500015258789,91.0,111.0,45400500
2008-10-14,125.97000122070312,128.0,117.31999969482422,122.9000015258789,41605300
2008-10-15,114.44999694824219,120.70999908447266,110.79000091552734,113.1500015258789,22250100
2008-10-16,115.0,118.48999786376953,104.0,112.4000015258789,27901700
2008-10-17,110.23999786376953,118.58999633789062,107.0,114.30000305175781,18413500
2008-10-20,117.55000305175781,123.80000305175781,115.6500015258789,121.5,16908300
2008-10-21,120.83999633789062,123.62000274658203,118.83000183105469,121.3499984741211,13588000
2008-10-22,117.19000244140625,120.19000244140625,111.0,115.05999755859375,15459100
2008-10-23,113.9800033569336,116.0,101.70999908447266,108.58000183105469,25529600
2008-10-24,96.0,105.0,96.0,100.4000015258789,24494800
2008-10-27,96.80000305175781,102.0,91.47000122070312,92.87999725341797,20595000
2008-10-28,96.98999786376953,97.25,82.22000122070312,93.56999969482422,50066600
2008-10-29,93.3499984741211,102.70999908447266,88.66000366210938,97.66000366210938,27769900
2008-10-30,101.16000366210938,101.25,88.01000213623047,91.11000061035156,29700400
2008-10-31,88.9800033569336,95.0,87.19999694824219,92.5,24881200
2008-11-03,92.0,95.25,87.30999755859375,89.08999633789062,19796200
2008-11-04,90.69000244140625,95.0,87.18000030517578,95.0,22105700
2008-11-05,92.77999877929688,94.70999908447266,86.5,87.43000030517578,15693100
2008-11-06,85.91000366210938,88.80000305175781,79.41000366210938,80.72000122070312,25933100
2008-11-07,81.44999694824219,81.8499984741211,75.0,77.77999877929688,31450400
2008-11-10,78.7699966430664,79.22000122070312,68.51000213623047,71.20999908447266,47450700
2008-11-11,69.36000061035156,75.41999816894531,66.68000030517578,74.68000030517578,47573900
2008-11-12,71.98999786376953,73.63999938964844,64.54000091552734,66.79000091552734,34436600
2008-11-13,67.79000091552734,70.4000015258789,61.02000045776367,69.98999786376953,39994000
2008-11-14,67.8499984741211,70.0,65.12000274658203,66.7300033569336,22186300
2008-11-17,64.79000091552734,66.33000183105469,61.75,62.4900016784668,20299400
2008-11-18,62.72999954223633,65.5,60.560001373291016,62.029998779296875,25737100
2008-11-19,61.33000183105469,63.45000076293945,54.540000915527344,55.18000030517578,30481500
2008-11-20,54.0,57.540000915527344,49.0,52.0,55618000
2008-11-21,54.540000915527344,54.540000915527344,47.40999984741211,53.310001373291016,39591500
2008-11-24,56.130001068115234,70.0999984741211,55.27000045776367,67.41999816894531,44615400
2008-11-25,71.41000366210938,74.5,66.5199966430664,71.77999877929688,38662400
2008-11-26,69.62999725341797,78.44999694824219,69.4000015258789,76.5,25006900
2008-11-28,75.94000244140625,81.19000244140625,74.23999786376953,78.98999786376953,11525000
2008-12-01,75.80000305175781,75.80000305175781,64.19000244140625,65.76000213623047,28592700
2008-12-02,63.650001525878906,67.0,60.220001220703125,65.0,35316700
2008-12-03,63.06999969482422,69.87000274658203,62.119998931884766,68.94999694824219,29036300
2008-12-04,68.19000244140625,70.6500015258789,66.04000091552734,67.52999877929688,23838500
2008-12-05,66.75,71.19999694824219,65.0199966430664,70.72000122070312,23811700
2008-12-08,73.87000274658203,78.52999877929688,73.5199966430664,77.1500015258789,22756000
2008-12-09,75.41999816894531,77.87000274658203,71.55999755859375,72.7699966430664,17049900
2008-12-10,73.80000305175781,73.9000015258789,69.3499984741211,71.52999877929688,14093300
2008-12-11,70.3499984741211,74.0,69.08999633789062,69.70999908447266,15387500
2008-12-12,65.69999694824219,70.55000305175781,65.5,67.73999786376953,15777100
2008-12-15,67.12000274658203,68.30999755859375,65.11000061035156,66.45999908447266,13821600
2008-12-16,69.56999969482422,78.0,68.54000091552734,76.0,44110400
2008-12-17,75.33000183105469,81.29000091552734,74.13999938964844,78.77999877929688,24790900
2008-12-18,79.66999816894531,81.19000244140625,78.25,80.05000305175781,19998100
2008-12-19,79.37000274658203,80.7300033569336,77.6500015258789,80.7300033569336,20379300
2008-12-22,80.0,80.12999725341797,74.88999938964844,77.0,13175500
2008-12-23,77.41000366210938,78.0,75.05000305175781,75.19999694824219,9468000
2008-12-24,75.54000091552734,76.73999786376953,75.26000213623047,76.44000244140625,3166000
2008-12-26,76.83000183105469,77.44000244140625,75.30999755859375,75.97000122070312,4657300
2008-12-29,76.43000030517578,77.11000061035156,75.02999877929688,76.55999755859375,6322300
2008-12-30,77.29000091552734,82.05999755859375,76.30999755859375,82.05999755859375,11031300
2008-12-31,82.23999786376953,86.1500015258789,81.12000274658203,84.38999938964844,14894100
2009-01-02,84.0199966430664,87.62000274658203,82.19000244140625,86.76000213623047,14088500
2009-01-05,85.80999755859375,90.94999694824219,85.45999908447266,88.77999877929688,15996700
2009-01-06,90.05000305175781,92.19999694824219,87.72000122070312,88.70999908447266,21551800
2009-01-07,86.91000366210938,87.8499984741211,83.6500015258789,84.5,12465500
2009-01-08,83.5199966430664,86.5199966430664,82.68000030517578,85.41000366210938,13448100
2009-01-09,85.91000366210938,86.87000274658203,80.41000366210938,83.91999816894531,12192900
2009-01-12,83.36000061035156,83.76000213623047,76.43000030517578,77.66999816894531,15776600
2009-01-13,74.16000366210938,78.87999725341797,73.70999908447266,77.91999816894531,25861100
2009-01-14,75.87999725341797,76.87999725341797,73.44999694824219,75.69000244140625,18336700
2009-01-15,75.02999877929688,76.19999694824219,69.0,73.83000183105469,25795400
2009-01-16,75.9800033569336,76.5,69.94999694824219,73.05000305175781,26049300
2009-01-20,69.5999984741211,70.26000213623047,59.130001068115234,59.20000076293945,33123100
2009-01-21,63.38999938964844,70.0999984741211,63.25,69.9000015258789,38168900
2009-01-22,67.27999877929688,73.69000244140625,65.52999877929688,71.02999877929688,24608200
2009-01-23,67.87000274658203,75.3499984741211,67.12000274658203,74.91000366210938,21924100
2009-01-26,76.05999755859375,78.75,72.7699966430664,74.19999694824219,18729300
2009-01-27,75.51000213623047,78.6500015258789,74.7699966430664,78.26000213623047,20655300
2009-01-28,84.27999877929688,89.0999984741211,83.37000274658203,87.69999694824219,34234400
2009-01-29,85.12999725341797,86.58999633789062,82.12000274658203,82.72000122070312,21624300
2009-01-30,83.58999633789062,84.77999877929688,79.3499984741211,80.7300033569336,20344900
2009-02-02,78.77999877929688,84.0,78.56999969482422,83.56999969482422,18485500
2009-02-03,84.30000305175781,84.5,79.80000305175781,82.80999755859375,19442500
2009-02-04,83.69999694824219,89.91999816894531,83.44999694824219,87.97000122070312,29780400
2009-02-05,86.7699966430664,94.69999694824219,86.26000213623047,92.8499984741211,33847500
2009-02-06,94.2699966430664,96.58000183105469,91.55999755859375,96.56999969482422,26559800
2009-02-09,97.0199966430664,98.66000366210938,94.62999725341797,97.88999938964844,18736400
2009-02-10,96.79000091552734,97.88999938964844,89.69999694824219,90.4000015258789,29857200
2009-02-11,91.75,94.94000244140625,90.41999816894531,94.70999908447266,19554400
2009-02-12,92.6500015258789,96.19999694824219,91.47000122070312,95.58000183105469,22915400
2009-02-13,95.0,97.9800033569336,94.5,96.44999694824219,22975200
2009-02-17,92.26000213623047,92.4800033569336,84.79000091552734,85.70999908447266,31078100
2009-02-18,87.69000244140625,87.69000244140625,81.06999969482422,84.5,32610600
2009-02-19,86.41000366210938,88.87000274658203,85.52999877929688,86.01000213623047,24476100
2009-02-20,81.94999694824219,87.1500015258789,79.2699966430664,84.58999633789062,36146100
2009-02-23,86.51000213623047,87.7699966430664,79.79000091552734,80.06999969482422,22298600
2009-02-24,81.52999877929688,93.08999633789062,81.51000213623047,92.9800033569336,33115800
2009-02-25,91.55000305175781,93.5,87.30000305175781,89.91999816894531,36249600
2009-02-26,92.30000305175781,94.0,90.0199966430664,92.1500015258789,27516400
2009-02-27,88.62999725341797,93.37999725341797,87.5,91.08000183105469,26041700
2009-03-02,87.86000061035156,90.20999908447266,85.55999755859375,86.2699966430664,24074100
2009-03-03,88.33000183105469,88.83999633789062,80.29000091552734,82.37000274658203,30943600
2009-03-04,84.9000015258789,88.0,81.5,85.47000122070312,28050800
2009-03-05,82.87999725341797,85.69999694824219,79.3499984741211,81.72000122070312,24826200
2009-03-06,82.33000183105469,84.4800033569336,73.25,75.6500015258789,33484400
2009-03-09,73.7699966430664,77.4000015258789,72.77999877929688,73.94999694824219,23648800
2009-03-10,77.68000030517578,85.44999694824219,77.0999984741211,85.27999877929688,35004400
2009-03-11,86.88999938964844,93.5,85.58000183105469,92.38999938964844,37989000
2009-03-12,92.02999877929688,97.5,90.18000030517578,97.25,30814100
2009-03-13,97.79000091552734,99.83999633789062,95.63999938964844,98.80000305175781,30959400
2009-03-16,100.33000183105469,101.41000366210938,93.19000244140625,93.9000015258789,28240800
2009-03-17,92.63999938964844,99.01000213623047,92.55000305175781,98.98999786376953,23327500
2009-03-18,97.58000183105469,106.79000091552734,96.69999694824219,105.25,34372900
2009-03-19,104.6500015258789,105.7699966430664,99.26000213623047,99.30000305175781,28577100
2009-03-20,99.51000213623047,100.5,95.0999984741211,97.31999969482422,29137300
2009-03-23,102.5,111.93000030517578,101.30000305175781,111.93000030517578,33581800
2009-03-24,110.58999633789062,115.6500015258789,109.33999633789062,110.5999984741211,30914400
2009-03-25,111.12999725341797,113.91000366210938,106.12999725341797,112.94999694824219,32805900
2009-03-26,112.0,113.19000244140625,109.44999694824219,111.98999786376953,28844800
2009-03-27,109.61000061035156,111.5,107.81999969482422,108.08000183105469,21569500
2009-03-30,104.11000061035156,105.05000305175781,100.45999908447266,100.45999908447266,21354900
2009-03-31,102.80999755859375,108.5,102.4800033569336,106.0199966430664,25927400
2009-04-01,104.0999984741211,111.33999633789062,103.94000244140625,110.29000091552734,24883000
2009-04-02,115.20999908447266,115.9000015258789,112.5,114.22000122070312,30053600
2009-04-03,112.80000305175781,119.76000213623047,112.55000305175781,119.4000015258789,23687100
2009-04-06,116.0,117.94999694824219,114.05000305175781,116.6500015258789,21098100
2009-04-07,114.0,119.76000213623047,113.56999969482422,116.08000183105469,22183000
2009-04-08,117.37000274658203,117.55000305175781,112.5,114.75,20406200
2009-04-09,119.79000091552734,124.9800033569336,117.44999694824219,124.33000183105469,25610700
2009-04-13,122.80999755859375,131.27000427246094,122.5,130.14999389648438,36460800
2009-04-14,123.76000213623047,124.23999786376953,115.0999984741211,115.11000061035156,79935800
2009-04-15,116.72000122070312,122.0999984741211,113.56999969482422,121.19000244140625,41345800
2009-04-16,123.08999633789062,123.66999816894531,119.58000183105469,121.19000244140625,23574500
2009-04-17,120.83999633789062,122.95999908447266,118.95999908447266,120.5999984741211,21841200
2009-04-20,116.97000122070312,118.9000015258789,115.0,115.01000213623047,21609500
2009-04-21,113.76000213623047,121.02999877929688,113.37999725341797,120.36000061035156,24772300
2009-04-22,118.61000061035156,124.80000305175781,117.83999633789062,120.48999786376953,28219000
2009-04-23,121.63999938964844,122.97000122070312,118.20999908447266,122.80999755859375,20133300
2009-04-24,123.25,123.69999694824219,120.25,121.30000305175781,22407200
2009-04-27,119.33999633789062,124.37000274658203,119.33999633789062,120.9000015258789,19129700
2009-04-28,120.16999816894531,122.25,119.80000305175781,120.66999816894531,14907300
2009-04-29,122.0199966430664,127.94000244140625,121.5999984741211,127.18000030517578,22999800
2009-04-30,128.52000427246094,129.64999389648438,125.18000030517578,128.5,24834600
2009-05-01,127.9000015258789,130.27000427246094,126.16000366210938,127.08000183105469,17536300
2009-05-04,127.51000213623047,134.42999267578125,126.16000366210938,134.16000366210938,23434000
2009-05-05,132.89999389648438,136.1999969482422,132.5500030517578,135.1999969482422,16811000
2009-05-06,136.8000030517578,140.36000061035156,136.0500030517578,139.22000122070312,20439300
2009-05-07,140.97999572753906,141.55999755859375,131.80999755859375,133.72999572753906,23188600
2009-05-08,134.88999938964844,139.58999633789062,133.14999389648438,139.58999633789062,19152000
2009-05-11,136.85000610351562,138.9600067138672,134.8300018310547,135.77999877929688,18391800
2009-05-12,137.02999877929688,138.39999389648438,132.2100067138672,135.41000366210938,21101400
2009-05-13,133.1999969482422,133.38999938964844,128.05999755859375,129.25999450683594,18621300
2009-05-14,129.1199951171875,134.44000244140625,128.94000244140625,133.60000610351562,17411400
2009-05-15,134.02000427246094,136.10000610351562,132.1999969482422,134.39999389648438,14754700
2009-05-18,137.1999969482422,143.14999389648438,136.77999877929688,143.14999389648438,18622700
2009-05-19,142.58999633789062,144.86000061035156,141.14999389648438,141.14999389648438,15324300
2009-05-20,142.30999755859375,142.6300048828125,136.02000427246094,136.44000244140625,21426800
2009-05-21,134.0500030517578,139.4499969482422,133.9199981689453,137.16000366210938,16135500
2009-05-22,137.77999877929688,138.99000549316406,136.0500030517578,136.35000610351562,9058400
2009-05-26,134.61000061035156,142.07000732421875,134.61000061035156,142.0500030517578,13768700
2009-05-27,142.22000122070312,145.49000549316406,140.00999450683594,140.00999450683594,16696900
2009-05-28,141.64999389648438,145.2899932861328,139.2899932861328,144.64999389648438,14803100
2009-05-29,145.80999755859375,145.89999389648438,141.27999877929688,144.57000732421875,14130000
2009-06-01,145.8000030517578,147.3699951171875,143.30999755859375,144.3300018310547,18403800
2009-06-02,143.25,144.97000122070312,142.00999450683594,143.1300048828125,11988200
2009-06-03,141.91000366210938,143.30999755859375,140.74000549316406,142.14999389648438,11809700
2009-06-04,144.64999389648438,149.75,144.39999389648438,149.47000122070312,17166900
2009-06-05,151.0500030517578,151.1699981689453,148.6999969482422,149.00999450683594,12817500
2009-06-08,147.5500030517578,149.44000244140625,146.19000244140625,148.35000610351562,10908900
2009-06-09,149.0,150.7899932861328,148.10000610351562,149.30999755859375,11566100
2009-06-10,149.92999267578125,149.99000549316406,144.52000427246094,146.67999267578125,14346700
2009-06-11,146.1199951171875,147.9499969482422,145.0,145.14999389648438,12086500
2009-06-12,144.3800048828125,146.42999267578125,144.14999389648438,145.63999938964844,8209900
2009-06-15,144.1699981689453,145.60000610351562,142.89999389648438,143.00999450683594,8742100
2009-06-16,143.94000244140625,145.85000610351562,143.25999450683594,144.16000366210938,10129700
2009-06-17,144.08999633789062,144.08999633789062,139.02999877929688,139.72999572753906,14054600
2009-06-18,139.9600067138672,143.6999969482422,139.6300048828125,143.08999633789062,10526500
2009-06-19,143.19000244140625,144.38999938964844,141.52999877929688,143.1300048828125,9473700
2009-06-22,141.8699951171875,143.52000427246094,137.00999450683594,137.00999450683594,13939000
2009-06-23,138.33999633789062,141.22000122070312,137.60000610351562,141.19000244140625,11056800
2009-06-24,142.52999877929688,144.69000244140625,141.30999755859375,142.64999389648438,11531000
2009-06-25,141.57000732421875,144.6199951171875,140.85000610351562,144.42999267578125,10135900
2009-06-26,144.49000549316406,148.19000244140625,143.92999267578125,146.74000549316406,9837400
2009-06-29,147.5,149.5,146.10000610351562,149.36000061035156,7835800
2009-06-30,149.39999389648438,149.8000030517578,146.24000549316406,147.44000244140625,9614400
2009-07-01,147.58999633789062,148.8800048828125,146.6199951171875,147.32000732421875,7505000
2009-07-02,145.86000061035156,146.1999969482422,143.27999877929688,143.49000549316406,7685000
2009-07-06,142.66000366210938,146.4600067138672,142.25999450683594,146.4600067138672,11756800
2009-07-07,146.24000549316406,146.97000122070312,142.3000030517578,142.5399932861328,9503000
2009-07-08,142.4499969482422,142.92999267578125,135.22999572753906,138.5500030517578,19399300
2009-07-09,141.75999450683594,144.88999938964844,140.91000366210938,143.2100067138672,15026500
2009-07-10,142.35000610351562,144.8699951171875,141.1999969482422,141.8699951171875,12685200
2009-07-13,146.72000122070312,149.85000610351562,145.0500030517578,149.44000244140625,23817800
2009-07-14,148.97999572753906,151.14999389648438,148.0800018310547,149.66000366210938,28813100
2009-07-15,152.00999450683594,155.97999572753906,150.6300048828125,155.25999450683594,21135600
2009-07-16,155.0,157.99000549316406,153.80999755859375,156.83999633789062,12643600
2009-07-17,155.8699951171875,157.94000244140625,155.52000427246094,156.83999633789062,9617200
2009-07-20,157.75,160.72999572753906,157.27999877929688,160.02999877929688,12433800
2009-07-21,159.88999938964844,160.00999450683594,157.02000427246094,159.8000030517578,10886500
2009-07-22,158.19000244140625,161.25,157.33999633789062,160.4600067138672,9499400
2009-07-23,160.1999969482422,166.4199981689453,159.3000030517578,165.4499969482422,12291900
2009-07-24,164.42999267578125,165.0,162.80999755859375,164.72000122070312,7294400
2009-07-27,164.6999969482422,165.47000122070312,162.0,163.8699951171875,7613000
2009-07-28,162.3000030517578,162.38999938964844,159.5,160.5399932861328,10244800
2009-07-29,159.2100067138672,160.97999572753906,157.89999389648438,159.44000244140625,9111300
2009-07-30,161.11000061035156,164.10000610351562,160.7100067138672,162.4199981689453,9415400
2009-07-31,162.3699951171875,163.8699951171875,161.3000030517578,163.3000030517578,7721200
2009-08-03,165.1999969482422,166.2899932861328,163.3000030517578,164.10000610351562,8361800
2009-08-04,162.99000549316406,165.47000122070312,162.9600067138672,165.1699981689453,8808900
2009-08-05,165.75,168.9600067138672,164.61000061035156,168.63999938964844,9593900
2009-08-06,169.39999389648438,170.94000244140625,165.80999755859375,166.75,8201800
2009-08-07,168.3000030517578,168.3000030517578,162.72999572753906,163.64999389648438,10771800
2009-08-10,163.1999969482422,163.8800048828125,159.39999389648438,160.36000061035156,8909700
2009-08-11,159.94000244140625,162.22000122070312,159.14999389648438,159.22000122070312,9785100
2009-08-12,159.8699951171875,164.38999938964844,159.57000732421875,163.75999450683594,9842700
2009-08-13,165.24000549316406,165.49000549316406,162.61000061035156,164.47999572753906,8922600
2009-08-14,163.97000122070312,164.38999938964844,160.7899932861328,162.72999572753906,6756800
2009-08-17,159.32000732421875,159.61000061035156,157.1999969482422,157.25,10146100
2009-08-18,159.6699981689453,160.89999389648438,159.49000549316406,160.47999572753906,8090000
2009-08-19,159.11000061035156,160.5,158.0,159.92999267578125,8838900
2009-08-20,160.1999969482422,162.83999633789062,160.10000610351562,162.3300018310547,7619200
2009-08-21,163.75999450683594,164.89999389648438,162.02000427246094,163.50999450683594,10417200
2009-08-24,164.36000061035156,166.25999450683594,162.5800018310547,162.5800018310547,9148800
2009-08-25,163.3300018310547,165.3000030517578,163.0399932861328,164.94000244140625,9118900
2009-08-26,164.2899932861328,166.41000366210938,163.6999969482422,165.9499969482422,8325600
2009-08-27,165.69000244140625,165.89999389648438,163.25,165.02000427246094,7890600
2009-08-28,165.8699951171875,166.25,163.39999389648438,164.4199981689453,7029800
2009-08-31,162.9499969482422,165.58999633789062,161.25,165.4600067138672,9106500
2009-09-01,164.8000030517578,166.3800048828125,159.92999267578125,160.1699981689453,12446800
2009-09-02,160.1300048828125,161.44000244140625,158.13999938964844,158.5399932861328,10751500
2009-09-03,159.9199981689453,162.25,159.5500030517578,161.66000366210938,8837800
2009-09-04,161.5399932861328,163.85000610351562,161.36000061035156,162.97000122070312,6220100
2009-09-08,165.25,167.25,165.0500030517578,167.22000122070312,10066300
2009-09-09,167.8000030517578,170.55999755859375,167.16000366210938,170.27000427246094,10196500
2009-09-10,171.0,175.36000061035156,170.1300048828125,174.8699951171875,13488900
2009-09-11,176.8000030517578,177.80999755859375,174.3699951171875,174.6999969482422,11094800
2009-09-14,173.27999877929688,177.89999389648438,173.16000366210938,177.7100067138672,8028100
2009-09-15,178.0,178.0,175.4600067138672,176.66000366210938,8398900
2009-09-16,177.82000732421875,179.8699951171875,176.5,179.8699951171875,8706100
2009-09-17,179.8800048828125,183.0,179.5500030517578,181.4600067138672,9674300
2009-09-18,181.69000244140625,183.9499969482422,180.64999389648438,183.17999267578125,8395300
2009-09-21,181.69000244140625,183.72999572753906,181.41000366210938,182.38999938964844,6368600
2009-09-22,183.8800048828125,185.8000030517578,182.5800018310547,185.52000427246094,7470700
2009-09-23,186.30999755859375,188.0,183.63999938964844,183.63999938964844,10069600
2009-09-24,184.9199981689453,185.60000610351562,181.1699981689453,183.05999755859375,10982400
2009-09-25,182.17999267578125,183.10000610351562,177.6999969482422,179.5,12296200
2009-09-28,180.13999938964844,182.77999877929688,178.66000366210938,182.5,7892200
2009-09-29,182.99000549316406,184.77999877929688,182.1300048828125,183.5800018310547,7539300
2009-09-30,184.77000427246094,185.47999572753906,181.82000732421875,184.35000610351562,10517900
2009-10-01,184.00999450683594,184.69000244140625,178.60000610351562,178.99000549316406,11044500
2009-10-02,176.4499969482422,181.05999755859375,175.60000610351562,179.61000061035156,9232400
2009-10-05,180.77000427246094,186.64999389648438,180.5500030517578,186.47000122070312,9471200
2009-10-06,188.4600067138672,189.44000244140625,184.60000610351562,186.97999572753906,13918900
2009-10-07,186.50999450683594,190.5800018310547,186.0,190.47999572753906,10579400
2009-10-08,191.88999938964844,192.1699981689453,187.61000061035156,188.1699981689453,11978100
2009-10-09,188.72999572753906,189.75,187.9199981689453,189.3000030517578,6526300
2009-10-12,190.86000061035156,190.89999389648438,188.83999633789062,190.14999389648438,6189400
2009-10-13,186.41000366210938,187.8000030517578,185.10000610351562,187.22999572753906,11959300
2009-10-14,191.5800018310547,193.60000610351562,190.39999389648438,192.27999877929688,15806700
2009-10-15,188.6199951171875,190.86000061035156,187.1999969482422,188.6300048828125,17834200
2009-10-16,186.6699981689453,187.64999389648438,183.3800048828125,184.3699951171875,12750800
2009-10-19,184.85000610351562,186.7899932861328,183.00999450683594,185.5,7482000
2009-10-20,185.19000244140625,187.5500030517578,184.07000732421875,184.9600067138672,7387400
2009-10-21,185.1999969482422,185.5,179.10000610351562,179.25999450683594,11759300
2009-10-22,180.0399932861328,183.94000244140625,179.55999755859375,183.69000244140625,10666200
2009-10-23,184.02999877929688,184.88999938964844,179.0399932861328,180.36000061035156,9221900
2009-10-26,180.52000427246094,182.4499969482422,177.82000732421875,179.3699951171875,9427400
2009-10-27,179.25,180.10000610351562,177.39999389648438,178.61000061035156,10505700
2009-10-28,177.91000366210938,178.39999389648438,171.6699981689453,172.16000366210938,13586400
2009-10-29,174.57000732421875,178.5800018310547,173.44000244140625,178.5800018310547,9342900
2009-10-30,177.22000122070312,177.6199951171875,169.67999267578125,170.1699981689453,13323700
2009-11-02,171.58999633789062,173.36000061035156,165.3000030517578,170.67999267578125,15802400
2009-11-03,168.97999572753906,172.16000366210938,168.74000549316406,171.61000061035156,11150300
2009-11-04,173.47000122070312,174.60000610351562,169.02000427246094,169.5,11143300
2009-11-05,170.97999572753906,173.5,169.2100067138672,173.39999389648438,9017500
2009-11-06,171.9600067138672,173.9499969482422,171.0,171.77999877929688,6274200
2009-11-09,173.67999267578125,176.75,173.5,176.57000732421875,10329200
2009-11-10,176.39999389648438,177.74000549316406,175.32000732421875,176.50999450683594,7244700
2009-11-11,178.02999877929688,180.83999633789062,177.9499969482422,179.85000610351562,8187800
2009-11-12,179.6999969482422,181.42999267578125,177.7899932861328,178.47999572753906,7404200
2009-11-13,178.88999938964844,178.99000549316406,175.63999938964844,176.75999450683594,7630900
2009-11-16,177.99000549316406,179.3800048828125,176.42999267578125,177.25,8748500
2009-11-17,177.00999450683594,178.25,175.5,176.60000610351562,7680500
2009-11-18,176.47000122070312,177.4499969482422,175.00999450683594,176.89999389648438,5959000
2009-11-19,175.52999877929688,176.1999969482422,171.42999267578125,172.8300018310547,8893100
2009-11-20,171.39999389648438,172.44000244140625,170.00999450683594,170.00999450683594,8825400
2009-11-23,171.6699981689453,173.6300048828125,171.25,172.0,7930000
2009-11-24,171.63999938964844,172.0,170.27999877929688,171.1300048828125,6143700
2009-11-25,171.97000122070312,172.10000610351562,168.0500030517578,168.9199981689453,6984800
2009-11-27,164.27000427246094,166.3000030517578,163.22000122070312,164.16000366210938,6883200
2009-11-30,165.47000122070312,169.99000549316406,164.77000427246094,169.66000366210938,10699200
2009-12-01,171.25,171.3300018310547,167.07000732421875,167.6300048828125,13489100
2009-12-02,167.64999389648438,167.80999755859375,165.57000732421875,166.66000366210938,7500200
2009-12-03,167.9499969482422,169.16000366210938,163.94000244140625,164.3000030517578,8020400
2009-12-04,167.5,167.8000030517578,163.52999877929688,167.24000549316406,10410300
2009-12-07,166.52000427246094,167.36000061035156,163.75999450683594,163.85000610351562,6654600
2009-12-08,163.1199951171875,164.10000610351562,161.0500030517578,161.83999633789062,11693900
2009-12-09,162.1300048828125,167.0500030517578,160.72000122070312,166.44000244140625,10975800
2009-12-10,166.69000244140625,167.94000244140625,164.16000366210938,166.72999572753906,11930700
2009-12-11,167.5399932861328,167.9499969482422,165.4199981689453,166.0,6425000
2009-12-14,166.47999572753906,166.5,163.86000061035156,166.10000610351562,6652900
2009-12-15,164.80999755859375,166.0,162.11000061035156,162.74000549316406,7539800
2009-12-16,163.85000610351562,165.88999938964844,163.07000732421875,164.99000549316406,8637700
2009-12-17,162.30999755859375,163.6199951171875,160.8300018310547,160.92999267578125,8943800
2009-12-18,161.80999755859375,163.3800048828125,160.1999969482422,163.19000244140625,8687100
2009-12-21,163.7899932861328,166.75,163.4199981689453,165.4499969482422,9392900
2009-12-22,165.5,166.3000030517578,164.5,164.60000610351562,4190700
2009-12-23,165.05999755859375,165.8000030517578,163.38999938964844,163.6300048828125,4052600
2009-12-24,164.0,164.89999389648438,163.30999755859375,163.97000122070312,1858100
2009-12-28,164.10000610351562,165.7100067138672,163.4600067138672,163.75999450683594,3586000
2009-12-29,164.5,165.1999969482422,163.2100067138672,164.1199951171875,5214800
2009-12-30,164.05999755859375,167.27999877929688,163.69000244140625,166.6999969482422,5996200
2009-12-31,167.2899932861328,170.1300048828125,166.92999267578125,168.83999633789062,6401800
2010-01-04,170.0500030517578,174.25,169.50999450683594,173.0800018310547,9135000
2010-01-05,173.0,176.25999450683594,172.57000732421875,176.13999938964844,11659400
2010-01-06,175.3800048828125,175.3800048828125,173.75999450683594,174.25999450683594,7381100
2010-01-07,174.32000732421875,178.75,173.9499969482422,177.6699981689453,8727400
2010-01-08,176.3300018310547,177.42999267578125,173.9499969482422,174.30999755859375,7268100
2010-01-11,175.05999755859375,175.05999755859375,170.52000427246094,171.55999755859375,7704900
2010-01-12,170.00999450683594,170.47999572753906,167.02999877929688,167.82000732421875,10360100
2010-01-13,168.00999450683594,169.6699981689453,166.1199951171875,169.07000732421875,11269500
2010-01-14,168.0,170.72000122070312,167.2100067138672,168.52999877929688,10521400
2010-01-15,167.60000610351562,167.8000030517578,164.5800018310547,165.2100067138672,10896300
2010-01-19,165.00999450683594,167.39999389648438,163.89999389648438,166.86000061035156,7705300
2010-01-20,165.8000030517578,168.17999267578125,164.32000732421875,167.7899932861328,8893900
2010-01-21,169.2899932861328,171.0,156.77000427246094,160.8699951171875,51738300
2010-01-22,158.69000244140625,159.75,152.25,154.1199951171875,30175600
2010-01-25,156.1300048828125,158.3000030517578,154.5,154.97999572753906,17877000
2010-01-26,154.91000366210938,156.5,150.6999969482422,150.8800048828125,15985900
2010-01-27,150.75,152.92999267578125,148.27000427246094,151.5,19899000
2010-01-28,154.22999572753906,155.1999969482422,149.9499969482422,153.2899932861328,16160700
2010-01-29,154.44000244140625,154.8800048828125,147.80999755859375,148.72000122070312,18502800
2010-02-01,149.82000732421875,155.25,149.2100067138672,153.1300048828125,12980800
2010-02-02,153.64999389648438,157.5,153.64999389648438,156.94000244140625,17246600
2010-02-03,157.9199981689453,159.94000244140625,157.11000061035156,157.22999572753906,16785200
2010-02-04,155.27000427246094,156.05999755859375,150.4499969482422,150.67999267578125,18895000
2010-02-05,150.82000732421875,154.4600067138672,148.8699951171875,154.16000366210938,18759200
2010-02-08,154.27000427246094,154.60000610351562,150.82000732421875,151.10000610351562,10257300
2010-02-09,152.6999969482422,153.52999877929688,149.64999389648438,152.49000549316406,14017300
2010-02-10,152.77000427246094,155.35000610351562,151.75999450683594,153.6300048828125,10555300
2010-02-11,154.39999389648438,155.32000732421875,152.25,154.0500030517578,11163400
2010-02-12,152.3699951171875,154.5,151.13999938964844,153.92999267578125,10293200
2010-02-16,155.3000030517578,157.74000549316406,154.60000610351562,157.39999389648438,11497100
2010-02-17,158.0,158.19000244140625,155.80999755859375,157.25999450683594,10070000
2010-02-18,155.61000061035156,156.58999633789062,154.8800048828125,155.72999572753906,10991100
2010-02-19,154.50999450683594,157.0,154.49000549316406,156.17999267578125,8693000
2010-02-22,157.1999969482422,157.97000122070312,156.02999877929688,156.7100067138672,7375500
2010-02-23,156.80999755859375,160.2100067138672,155.91000366210938,156.6999969482422,15696000
2010-02-24,157.33999633789062,159.25,156.8699951171875,158.3300018310547,8361500
2010-02-25,156.22999572753906,156.44000244140625,154.32000732421875,156.44000244140625,10519900
2010-02-26,156.25999450683594,156.99000549316406,155.25999450683594,156.35000610351562,7812700
2010-03-01,156.50999450683594,158.2899932861328,156.1699981689453,156.5399932861328,6522800
2010-03-02,157.17999267578125,159.75,156.91000366210938,158.75,11986400
2010-03-03,159.0399932861328,159.4499969482422,157.22999572753906,157.72000122070312,10006000
2010-03-04,158.25,163.85000610351562,158.11000061035156,163.61000061035156,15439500
2010-03-05,165.11000061035156,168.25,165.0,167.17999267578125,12226700
2010-03-08,167.8800048828125,170.69000244140625,167.4600067138672,169.83999633789062,9344500
2010-03-09,169.22000122070312,172.1999969482422,168.0,168.85000610351562,12958700
2010-03-10,170.25999450683594,172.33999633789062,168.8699951171875,171.94000244140625,13107200
2010-03-11,171.39999389648438,173.57000732421875,171.10000610351562,173.50999450683594,8910600
2010-03-12,175.00999450683594,176.33999633789062,174.0,174.9600067138672,10216900
2010-03-15,173.9499969482422,175.1999969482422,170.3800048828125,173.52999877929688,13958600
2010-03-16,174.3300018310547,176.4199981689453,173.55999755859375,176.19000244140625,11687700
2010-03-17,176.86000061035156,177.8800048828125,175.57000732421875,176.63999938964844,10138600
2010-03-18,176.1999969482422,177.75,175.66000366210938,177.4499969482422,6883500
2010-03-19,177.89999389648438,178.2100067138672,175.9499969482422,177.89999389648438,10896600
2010-03-22,176.2100067138672,176.9499969482422,175.22999572753906,176.16000366210938,7320400
2010-03-23,176.25,176.80999755859375,173.2899932861328,174.8300018310547,10804800
2010-03-24,173.63999938964844,175.9600067138672,173.63999938964844,174.41000366210938,8396100
2010-03-25,175.24000549316406,178.72999572753906,174.77999877929688,174.89999389648438,9534300
2010-03-26,175.3800048828125,175.47999572753906,171.91000366210938,172.8699951171875,11811500
2010-03-29,173.8699951171875,174.42999267578125,171.63999938964844,174.0500030517578,11785600
2010-03-30,174.25999450683594,174.77999877929688,170.6999969482422,171.3800048828125,8184600
2010-03-31,170.0,171.66000366210938,169.85000610351562,170.6300048828125,8243200
2010-04-01,171.72000122070312,172.0,169.5,170.22000122070312,6480600
2010-04-05,170.67999267578125,173.3699951171875,169.77000427246094,173.16000366210938,6135000
2010-04-06,172.61000061035156,173.88999938964844,172.14999389648438,172.89999389648438,7743600
2010-04-07,172.88999938964844,177.89999389648438,172.80999755859375,176.36000061035156,13887200
2010-04-08,176.10000610351562,180.8000030517578,175.27999877929688,179.5,10668800
2010-04-09,180.27999877929688,181.0,177.5,179.1199951171875,8462000
2010-04-12,179.36000061035156,180.3800048828125,177.83999633789062,177.83999633789062,6040800
2010-04-13,177.55999755859375,180.0,177.11000061035156,179.25,6466400
2010-04-14,183.91000366210938,185.94000244140625,183.07000732421875,184.9199981689453,12556400
2010-04-15,185.5399932861328,185.60000610351562,183.66000366210938,184.27000427246094,7838700
2010-04-16,183.6199951171875,186.41000366210938,155.5500030517578,160.6999969482422,102043700
2010-04-19,155.60000610351562,163.72999572753906,155.0,163.32000732421875,54299200
2010-04-20,166.44000244140625,166.7100067138672,158.0,159.97999572753906,42196600
2010-04-21,161.6699981689453,163.13999938964844,157.0,158.92999267578125,30371000
2010-04-22,157.92999267578125,162.0,156.2899932861328,159.0500030517578,24823000
2010-04-23,160.19000244140625,160.72000122070312,157.0,157.39999389648438,14916000
2010-04-26,156.72000122070312,156.99000549316406,151.52000427246094,152.02999877929688,30940700
2010-04-27,150.25,156.19000244140625,150.14999389648438,153.0399932861328,34516800
2010-04-28,156.66000366210938,157.64999389648438,154.69000244140625,157.00999450683594,21226100
2010-04-29,159.5500030517578,161.0500030517578,158.33999633789062,160.24000549316406,18464300
2010-04-30,151.89999389648438,152.5,143.3000030517578,145.1999969482422,73187900
2010-05-03,147.83999633789062,150.64999389648438,146.5399932861328,149.5,28282700
2010-05-04,149.02999877929688,152.35000610351562,147.8300018310547,149.4499969482422,30313400
2010-05-05,148.10000610351562,151.22000122070312,147.1999969482422,148.19000244140625,18355200
2010-05-06,147.47999572753906,148.6300048828125,139.05999755859375,142.32000732421875,22984700
2010-05-07,145.3800048828125,146.5500030517578,141.5,142.99000549316406,21268500
2010-05-10,149.08999633789062,149.89999389648438,141.1999969482422,143.8300018310547,23098200
2010-05-11,142.39999389648438,145.5,141.5500030517578,141.97000122070312,15497900
2010-05-12,144.24000549316406,147.64999389648438,142.27999877929688,147.1999969482422,15457000
2010-05-13,148.36000061035156,148.4499969482422,144.4199981689453,144.64999389648438,11517900
2010-05-14,143.41000366210938,144.14999389648438,141.89999389648438,143.22999572753906,10977400
2010-05-17,143.47000122070312,144.3000030517578,138.52999877929688,142.63999938964844,16330100
2010-05-18,143.69000244140625,143.75,136.60000610351562,137.36000061035156,18025300
2010-05-19,137.9499969482422,140.1300048828125,136.10000610351562,140.10000610351562,18079900
2010-05-20,138.1999969482422,139.49000549316406,135.75,136.10000610351562,16279200
2010-05-21,137.0800018310547,143.4499969482422,136.25,140.6199951171875,25553400
2010-05-24,142.0,142.9499969482422,136.50999450683594,136.69000244140625,16556800
2010-05-25,134.72999572753906,143.19000244140625,134.1999969482422,142.55999755859375,21490900
2010-05-26,144.2899932861328,145.8000030517578,139.69000244140625,140.3000030517578,17073900
2010-05-27,142.92999267578125,145.0500030517578,141.0399932861328,144.9499969482422,12910200
2010-05-28,144.4199981689453,145.8000030517578,143.10000610351562,144.25999450683594,10683700
2010-06-01,144.25999450683594,146.39999389648438,141.6999969482422,141.86000061035156,9455200
2010-06-02,142.0,145.0,141.13999938964844,144.8300018310547,7668400
2010-06-03,144.91000366210938,145.25,142.5,144.0399932861328,7454900
2010-06-04,142.1699981689453,145.8699951171875,141.7100067138672,142.25,14900400
2010-06-07,142.27999877929688,143.27000427246094,137.85000610351562,138.67999267578125,12238600
2010-06-08,139.13999938964844,139.67999267578125,135.0500030517578,137.77999877929688,14587000
2010-06-09,138.58999633789062,139.4199981689453,136.22000122070312,136.8000030517578,8950600
2010-06-10,137.60000610351562,137.77000427246094,131.3000030517578,133.77000427246094,21931000
2010-06-11,133.3300018310547,136.0500030517578,133.0,135.63999938964844,9241800
2010-06-14,137.11000061035156,137.11000061035156,133.39999389648438,133.44000244140625,10951400
2010-06-15,134.6300048828125,137.39999389648438,133.3000030517578,136.89999389648438,10649300
2010-06-16,136.05999755859375,138.25999450683594,135.7100067138672,137.05999755859375,7077700
2010-06-17,136.9499969482422,138.3800048828125,135.22000122070312,137.32000732421875,8104300
2010-06-18,137.82000732421875,139.72000122070312,137.52000427246094,138.17999267578125,10154900
2010-06-21,139.64999389648438,140.14999389648438,137.30999755859375,137.74000549316406,8691000
2010-06-22,137.5399932861328,137.75,134.58999633789062,134.7899932861328,9002200
2010-06-23,133.89999389648438,136.3800048828125,132.72999572753906,135.07000732421875,8232200
2010-06-24,134.13999938964844,135.97999572753906,133.11000061035156,134.97999572753906,9967900
2010-06-25,136.99000549316406,140.89999389648438,135.42999267578125,139.66000366210938,14332300
2010-06-28,140.3800048828125,140.3800048828125,136.52999877929688,136.66000366210938,9908100
2010-06-29,134.97999572753906,135.85000610351562,133.1699981689453,133.75999450683594,10338100
2010-06-30,133.67999267578125,134.3000030517578,131.02000427246094,131.27000427246094,9139800
2010-07-01,131.69000244140625,133.75,129.5,131.13999938964844,11645300
2010-07-02,132.11000061035156,132.3800048828125,129.69000244140625,131.0800018310547,6566400
2010-07-06,133.74000549316406,134.38999938964844,131.07000732421875,132.25999450683594,7820100
2010-07-07,132.44000244140625,136.1300048828125,132.07000732421875,135.8300018310547,9300400
2010-07-08,136.9199981689453,137.1699981689453,133.55999755859375,135.4600067138672,9895700
2010-07-09,135.36000061035156,138.5,134.58999633789062,138.05999755859375,6919900
2010-07-12,137.61000061035156,138.30999755859375,136.02999877929688,137.25,4728900
2010-07-13,138.5,141.1999969482422,138.11000061035156,140.25,8983900
2010-07-14,139.2899932861328,139.58999633789062,137.64999389648438,139.05999755859375,6068500
2010-07-15,140.02000427246094,146.25,137.82000732421875,145.22000122070312,21621900
2010-07-16,151.47000122070312,152.0,146.0500030517578,146.1699981689453,29604600
2010-07-19,147.6699981689453,147.6999969482422,144.10000610351562,145.67999267578125,10875900
2010-07-20,142.17999267578125,149.72999572753906,141.5500030517578,148.91000366210938,20571400
2010-07-21,150.0500030517578,150.97000122070312,146.86000061035156,146.99000549316406,11337000
2010-07-22,148.8800048828125,149.8800048828125,144.16000366210938,146.5500030517578,13307300
2010-07-23,146.64999389648438,148.41000366210938,144.57000732421875,147.3800048828125,7306900
2010-07-26,147.38999938964844,149.0,145.2100067138672,148.1999969482422,6089000
2010-07-27,149.08999633789062,149.66000366210938,147.0,147.22999572753906,7151200
2010-07-28,147.0,148.64999389648438,146.77999877929688,147.1999969482422,4845600
2010-07-29,148.27000427246094,153.14999389648438,147.6300048828125,152.5800018310547,15657700
2010-07-30,151.35000610351562,153.41000366210938,150.8000030517578,150.82000732421875,8792400
2010-08-02,152.82000732421875,153.63999938964844,151.61000061035156,152.74000549316406,6523100
2010-08-03,152.1199951171875,153.9600067138672,151.41000366210938,153.19000244140625,5648500
2010-08-04,153.6199951171875,157.25,153.0,156.41000366210938,12283700
2010-08-05,155.6300048828125,156.22000122070312,154.39999389648438,155.9199981689453,5680200
2010-08-06,154.5399932861328,156.05999755859375,153.77000427246094,155.17999267578125,8082600
2010-08-09,155.92999267578125,156.1999969482422,154.58999633789062,155.39999389648438,4209800
2010-08-10,154.02000427246094,154.77000427246094,153.17999267578125,153.89999389648438,5861700
2010-08-11,151.72000122070312,152.0,148.91000366210938,149.25,7734400
2010-08-12,147.80999755859375,150.58999633789062,147.80999755859375,149.4199981689453,4949300
2010-08-13,149.3800048828125,150.4499969482422,148.0800018310547,148.0800018310547,4218700
2010-08-16,147.5800018310547,149.17999267578125,147.0,147.75999450683594,3760100
2010-08-17,148.67999267578125,149.7899932861328,148.13999938964844,148.58999633789062,4391600
2010-08-18,148.5399932861328,149.94000244140625,147.72999572753906,149.1999969482422,4460600
2010-08-19,148.6699981689453,149.66000366210938,146.27999877929688,147.0500030517578,5290900
2010-08-20,147.44000244140625,148.97000122070312,147.25,148.24000549316406,5276800
2010-08-23,148.1199951171875,148.5,146.60000610351562,146.74000549316406,3729200
2010-08-24,144.8000030517578,145.49000549316406,143.82000732421875,143.9499969482422,6372300
2010-08-25,142.80999755859375,145.3300018310547,142.75,144.67999267578125,5638400
2010-08-26,144.94000244140625,145.16000366210938,141.66000366210938,141.80999755859375,6818100
2010-08-27,141.1300048828125,141.74000549316406,138.25,139.75,11252000
2010-08-30,138.8300018310547,140.11000061035156,136.64999389648438,136.66000366210938,6205800
2010-08-31,136.25,138.00999450683594,135.7899932861328,136.92999267578125,7064100
2010-09-01,139.00999450683594,140.33999633789062,137.8000030517578,139.74000549316406,6897700
2010-09-02,139.92999267578125,140.14999389648438,138.4499969482422,139.77999877929688,4992000
2010-09-03,141.6199951171875,147.99000549316406,141.3300018310547,147.2899932861328,13588500
2010-09-07,146.14999389648438,146.24000549316406,144.14999389648438,145.2100067138672,6211300
2010-09-08,145.3800048828125,149.66000366210938,145.36000061035156,147.5399932861328,8310300
2010-09-09,149.7899932861328,150.67999267578125,148.5,149.13999938964844,6729800
2010-09-10,149.4600067138672,150.75,148.80999755859375,150.38999938964844,4417200
2010-09-13,152.32000732421875,154.6999969482422,152.3000030517578,154.3699951171875,7653600
2010-09-14,153.5399932861328,153.75,152.22999572753906,152.52999877929688,5688200
2010-09-15,151.6699981689453,152.8000030517578,150.6699981689453,152.55999755859375,5698200
2010-09-16,152.27999877929688,152.47999572753906,151.16000366210938,152.22999572753906,4388600
2010-09-17,152.11000061035156,152.47000122070312,150.55999755859375,150.97999572753906,4835600
2010-09-20,150.97999572753906,152.39999389648438,149.88999938964844,151.89999389648438,5640500
2010-09-21,152.11000061035156,154.57000732421875,151.08999633789062,151.39999389648438,6876000
2010-09-22,149.9499969482422,150.5500030517578,147.69000244140625,148.07000732421875,8986100
2010-09-23,146.36000061035156,146.8699951171875,143.97999572753906,144.91000366210938,9152400
2010-09-24,146.25,147.60000610351562,145.82000732421875,147.27999877929688,5623700
2010-09-27,147.00999450683594,148.41000366210938,145.77999877929688,146.0,5205900
2010-09-28,146.50999450683594,146.69000244140625,144.05999755859375,145.00999450683594,5504800
2010-09-29,145.02000427246094,145.02000427246094,142.5399932861328,144.4199981689453,6944900
2010-09-30,145.25,146.97999572753906,144.3000030517578,144.5800018310547,6854400
2010-10-01,145.1999969482422,148.5,144.82000732421875,147.6999969482422,7439800
2010-10-04,147.6999969482422,148.47000122070312,144.6999969482422,146.57000732421875,5866700
2010-10-05,147.55999755859375,150.27999877929688,146.07000732421875,149.57000732421875,8724700
2010-10-06,149.75,152.3300018310547,149.1300048828125,150.83999633789062,6330600
2010-10-07,152.11000061035156,152.36000061035156,150.02999877929688,151.11000061035156,4471500
2010-10-08,151.14999389648438,153.39999389648438,150.6199951171875,152.66000366210938,5225100
2010-10-11,152.6699981689453,153.08999633789062,151.27000427246094,152.1999969482422,4454400
2010-10-12,151.3000030517578,155.4499969482422,151.00999450683594,155.2100067138672,6378000
2010-10-13,156.3000030517578,156.69000244140625,154.38999938964844,154.72999572753906,5626200
2010-10-14,154.22999572753906,154.2899932861328,150.5500030517578,151.58999633789062,6891100
2010-10-15,152.69000244140625,152.69000244140625,150.66000366210938,150.69000244140625,6901500
2010-10-18,150.92999267578125,154.3800048828125,150.85000610351562,153.6999969482422,6972300
2010-10-19,155.13999938964844,159.6999969482422,154.11000061035156,156.72000122070312,14491200
2010-10-20,156.2100067138672,160.25,154.86000061035156,159.60000610351562,10631200
2010-10-21,159.5800018310547,161.5,158.10000610351562,159.3000030517578,6350900
2010-10-22,159.88999938964844,159.97999572753906,157.5,157.75999450683594,4051700
2010-10-25,159.36000061035156,159.4499969482422,156.27000427246094,157.38999938964844,5728300
2010-10-26,156.72000122070312,158.72999572753906,156.52999877929688,158.2899932861328,4068500
2010-10-27,157.19000244140625,160.58999633789062,157.0,160.14999389648438,6570900
2010-10-28,160.86000061035156,163.7899932861328,160.44000244140625,163.24000549316406,9918800
2010-10-29,162.14999389648438,163.60000610351562,160.9499969482422,161.1300048828125,4536600
2010-11-01,161.77000427246094,162.9600067138672,160.1699981689453,161.57000732421875,4514400
2010-11-02,162.05999755859375,163.0,161.8000030517578,162.82000732421875,3332400
2010-11-03,163.17999267578125,163.17999267578125,160.57000732421875,162.6300048828125,4462800
2010-11-04,163.6199951171875,166.39999389648438,162.69000244140625,166.38999938964844,8162600
2010-11-05,165.99000549316406,171.17999267578125,165.9199981689453,171.07000732421875,11989300
2010-11-08,169.9499969482422,171.61000061035156,169.10000610351562,169.1999969482422,5516100
2010-11-09,170.3000030517578,170.85000610351562,166.0,166.5500030517578,7343900
2010-11-10,166.30999755859375,168.64999389648438,165.57000732421875,167.22000122070312,6328100
2010-11-11,165.7899932861328,168.88999938964844,165.7899932861328,167.7100067138672,3931500
2010-11-12,166.38999938964844,168.1199951171875,164.64999389648438,165.8300018310547,4735600
2010-11-15,165.67999267578125,169.35000610351562,165.00999450683594,167.22000122070312,5199000
2010-11-16,165.8000030517578,167.0,164.66000366210938,165.10000610351562,5914100
2010-11-17,165.1199951171875,165.72999572753906,164.0,164.88999938964844,3726300
2010-11-18,165.69000244140625,168.92999267578125,165.60000610351562,167.35000610351562,4987500
2010-11-19,167.5,167.75,165.6999969482422,166.6699981689453,4584500
2010-11-22,164.3000030517578,164.3800048828125,158.4499969482422,161.0500030517578,11364000
2010-11-23,159.10000610351562,160.89999389648438,157.66000366210938,157.77999877929688,7315000
2010-11-24,158.9600067138672,160.6999969482422,158.5500030517578,160.25999450683594,4258200
2010-11-26,158.4600067138672,159.35000610351562,158.07000732421875,158.22000122070312,1876900
2010-11-29,157.49000549316406,160.0,157.0,159.27999877929688,4819900
2010-11-30,158.07000732421875,159.3300018310547,156.13999938964844,156.13999938964844,5416900
2010-12-01,158.4499969482422,159.1999969482422,157.0,158.4499969482422,6024000
2010-12-02,159.16000366210938,163.25,158.83999633789062,162.5,7208600
2010-12-03,161.30999755859375,162.5,160.9499969482422,162.30999755859375,4658000
2010-12-06,161.66000366210938,163.19000244140625,161.49000549316406,162.64999389648438,3686300
2010-12-07,164.52000427246094,164.77000427246094,161.44000244140625,161.58999633789062,5527700
2010-12-08,161.9600067138672,166.13999938964844,161.88999938964844,166.13999938964844,5259500
2010-12-09,167.0,167.75,165.75,166.4499969482422,5746400
2010-12-10,166.41000366210938,168.47000122070312,165.89999389648438,168.47000122070312,4543600
2010-12-13,168.25,170.9199981689453,167.89999389648438,169.47999572753906,5325200
2010-12-14,169.6699981689453,169.99000549316406,166.83999633789062,167.3300018310547,4892700
2010-12-15,166.63999938964844,167.2899932861328,165.11000061035156,165.2100067138672,4358100
2010-12-16,165.69000244140625,165.91000366210938,163.2100067138672,164.4600067138672,4164400
2010-12-17,163.9199981689453,165.0,163.1199951171875,164.0399932861328,5343000
2010-12-20,163.74000549316406,166.89999389648438,163.64999389648438,166.0500030517578,3719100
2010-12-21,166.5399932861328,168.8800048828125,166.5,168.22999572753906,4546900
2010-12-22,168.6699981689453,169.67999267578125,167.89999389648438,169.60000610351562,3858500
2010-12-23,169.10000610351562,169.6999969482422,167.1699981689453,167.60000610351562,2494000
2010-12-27,166.7899932861328,170.0,166.41000366210938,169.8300018310547,2715000
2010-12-28,170.0,171.22999572753906,168.8300018310547,169.19000244140625,2862900
2010-12-29,169.39999389648438,169.77999877929688,166.57000732421875,167.6300048828125,3329800
2010-12-30,168.08999633789062,168.25,166.99000549316406,167.63999938964844,1745400
2010-12-31,167.5800018310547,168.8000030517578,167.00999450683594,168.16000366210938,1636300
2011-01-03,170.5500030517578,173.25,169.85000610351562,173.0500030517578,5717100
2011-01-04,173.8699951171875,174.0,172.0,173.0800018310547,3335500
2011-01-05,172.0500030517578,174.49000549316406,172.0,174.0,4140600
2011-01-06,174.50999450683594,174.58999633789062,171.97999572753906,172.2100067138672,5375200
2011-01-07,172.6999969482422,172.88999938964844,169.36000061035156,170.69000244140625,4916100
2011-01-10,170.0,171.2899932861328,169.1999969482422,169.75999450683594,3650300
2011-01-11,170.5,171.42999267578125,168.32000732421875,169.36000061035156,4572300
2011-01-12,169.38999938964844,172.30999755859375,169.17999267578125,171.6699981689453,5592900
2011-01-13,172.0399932861328,172.60000610351562,171.0,171.57000732421875,3183800
2011-01-14,171.19000244140625,175.0,171.19000244140625,175.0,5885100
2011-01-18,174.75,175.33999633789062,173.0500030517578,174.67999267578125,4981200
2011-01-19,169.4600067138672,171.49000549316406,165.86000061035156,166.49000549316406,13372700
2011-01-20,166.5500030517578,167.05999755859375,164.00999450683594,165.69000244140625,8914900
2011-01-21,165.8800048828125,169.1999969482422,165.1199951171875,166.1999969482422,5876500
2011-01-24,165.99000549316406,167.07000732421875,165.75,166.3000030517578,4624300
2011-01-25,163.0500030517578,164.7899932861328,160.1199951171875,161.97999572753906,11259800
2011-01-26,161.6999969482422,162.83999633789062,161.0399932861328,161.30999755859375,6738000
2011-01-27,161.1300048828125,164.25,161.11000061035156,164.02999877929688,6036000
2011-01-28,164.16000366210938,165.08999633789062,161.4199981689453,161.77000427246094,4570000
2011-01-31,161.3800048828125,163.72000122070312,161.22999572753906,163.6199951171875,3792800
2011-02-01,163.86000061035156,166.25,163.61000061035156,165.3300018310547,4138400
2011-02-02,165.14999389648438,166.63999938964844,164.1999969482422,165.0500030517578,2986200
2011-02-03,164.99000549316406,164.99000549316406,161.83999633789062,164.63999938964844,4710400
2011-02-04,164.8800048828125,164.97999572753906,162.75999450683594,164.8300018310547,3354500
2011-02-07,164.7899932861328,168.10000610351562,164.60000610351562,167.1300048828125,5036700
2011-02-08,167.02000427246094,168.72000122070312,166.25999450683594,168.5500030517578,4718700
2011-02-09,168.22999572753906,168.22999572753906,164.66000366210938,166.00999450683594,5663900
2011-02-10,165.14999389648438,166.64999389648438,164.67999267578125,165.33999633789062,4265800
2011-02-11,165.11000061035156,167.69000244140625,164.80999755859375,166.66000366210938,4257100
2011-02-14,166.14999389648438,167.8000030517578,165.50999450683594,167.52000427246094,3547200
2011-02-15,167.32000732421875,168.44000244140625,166.82000732421875,167.91000366210938,4025900
2011-02-16,168.55999755859375,169.89999389648438,168.0,168.80999755859375,4606300
2011-02-17,168.5399932861328,168.69000244140625,167.0,167.16000366210938,4448100
2011-02-18,167.0399932861328,168.3000030517578,166.85000610351562,168.0399932861328,3728100
2011-02-22,165.6699981689453,165.75999450683594,162.35000610351562,162.94000244140625,5448200
2011-02-23,162.6300048828125,164.8000030517578,161.77000427246094,163.08999633789062,4560400
2011-02-24,162.1999969482422,163.89999389648438,161.32000732421875,163.44000244140625,4619300
2011-02-25,164.0500030517578,165.8800048828125,163.52000427246094,165.1199951171875,4636200
2011-02-28,165.52999877929688,166.25,163.11000061035156,163.77999877929688,4235200
2011-03-01,163.5500030517578,164.49000549316406,161.3000030517578,161.30999755859375,7015500
2011-03-02,161.5800018310547,163.3300018310547,161.11000061035156,161.69000244140625,4658400
2011-03-03,162.7100067138672,165.17999267578125,162.69000244140625,164.49000549316406,4581200
2011-03-04,162.8800048828125,163.0,160.36000061035156,161.0,7810800
2011-03-07,161.41000366210938,161.83999633789062,158.5,159.14999389648438,7004100
2011-03-08,159.42999267578125,161.77999877929688,159.0399932861328,161.3000030517578,4845900
2011-03-09,161.85000610351562,163.72000122070312,161.5800018310547,162.35000610351562,4125200
2011-03-10,160.8000030517578,161.0,159.99000549316406,160.27000427246094,4563400
2011-03-11,159.85000610351562,161.5500030517578,159.83999633789062,160.67999267578125,2883900
2011-03-14,159.94000244140625,160.5,158.02000427246094,158.42999267578125,4376100
2011-03-15,156.05999755859375,158.0500030517578,154.85000610351562,157.25,5243600
2011-03-16,157.22999572753906,157.24000549316406,153.25999450683594,154.3800048828125,7223400
2011-03-17,155.92999267578125,156.35000610351562,153.9499969482422,155.75,5293900
2011-03-18,156.60000610351562,160.25,155.24000549316406,159.9600067138672,10170600
2011-03-21,161.6199951171875,162.14999389648438,159.89999389648438,160.2100067138672,4663300
2011-03-22,160.63999938964844,162.2100067138672,160.1199951171875,160.7899932861328,3538900
2011-03-23,160.02000427246094,160.22999572753906,158.24000549316406,159.52999877929688,3603300
2011-03-24,160.35000610351562,160.5,158.8300018310547,159.91000366210938,2734400
2011-03-25,160.50999450683594,160.50999450683594,157.6999969482422,157.97000122070312,4020700
2011-03-28,158.1999969482422,159.2899932861328,156.41000366210938,156.47000122070312,3686800
2011-03-29,156.60000610351562,158.6999969482422,155.52999877929688,158.47000122070312,3769400
2011-03-30,159.02999877929688,160.42999267578125,157.47000122070312,159.07000732421875,2967200
2011-03-31,157.3800048828125,160.07000732421875,157.32000732421875,158.60000610351562,3317700
2011-04-01,159.77000427246094,162.0,159.66000366210938,160.22999572753906,3787900
2011-04-04,160.75999450683594,160.8800048828125,158.60000610351562,158.89999389648438,2816800
2011-04-05,158.4600067138672,159.14999389648438,157.6199951171875,158.91000366210938,3173700
2011-04-06,159.88999938964844,161.99000549316406,158.85000610351562,161.88999938964844,4198700
2011-04-07,161.99000549316406,164.39999389648438,161.57000732421875,162.39999389648438,4589200
2011-04-08,163.49000549316406,163.6199951171875,160.82000732421875,160.9600067138672,3280800
2011-04-11,160.5399932861328,162.91000366210938,160.5399932861328,161.47000122070312,3126900
2011-04-12,160.25,161.44000244140625,159.4499969482422,160.4199981689453,3328100
2011-04-13,162.5,163.97999572753906,159.8300018310547,160.1699981689453,5145000
2011-04-14,157.50999450683594,157.60000610351562,155.25,155.7899932861328,7982300
2011-04-15,156.17999267578125,156.9499969482422,154.6300048828125,155.1300048828125,5608300
2011-04-18,154.0500030517578,154.8800048828125,151.52000427246094,153.77999877929688,5992900
2011-04-19,156.08999633789062,156.10000610351562,149.5500030517578,151.86000061035156,13463800
2011-04-20,153.1699981689453,154.14999389648438,151.5,152.6999969482422,7181300
2011-04-21,153.08999633789062,154.3300018310547,152.6999969482422,153.50999450683594,3977500
2011-04-25,152.5800018310547,152.58999633789062,151.17999267578125,152.19000244140625,3711600
2011-04-26,151.88999938964844,153.9499969482422,151.77999877929688,153.27000427246094,4400000
2011-04-27,153.60000610351562,153.85000610351562,152.0,152.86000061035156,4207000
2011-04-28,152.5500030517578,152.60000610351562,150.1999969482422,150.60000610351562,5906700
2011-04-29,150.27999877929688,151.8699951171875,149.63999938964844,151.00999450683594,6075500
2011-05-02,152.1999969482422,153.07000732421875,151.07000732421875,151.3000030517578,4362700
2011-05-03,150.97000122070312,152.8000030517578,150.67999267578125,151.8699951171875,3557400
2011-05-04,152.25,152.4600067138672,150.9499969482422,151.52000427246094,3768000
2011-05-05,150.8699951171875,151.22000122070312,149.9499969482422,150.41000366210938,4100200
2011-05-06,151.47000122070312,151.97000122070312,149.52999877929688,150.10000610351562,5429300
2011-05-09,149.6999969482422,149.8699951171875,148.8000030517578,149.1199951171875,3152400
2011-05-10,149.02000427246094,150.74000549316406,148.52000427246094,150.39999389648438,4033800
2011-05-11,150.0,150.0,147.64999389648438,147.8800048828125,5310500
2011-05-12,145.99000549316406,146.77999877929688,140.66000366210938,142.75,20659200
2011-05-13,142.38999938964844,142.52000427246094,139.25,141.4600067138672,14256700
2011-05-16,140.88999938964844,143.38999938964844,140.25999450683594,140.60000610351562,6458800
2011-05-17,140.25999450683594,141.9499969482422,139.0800018310547,140.80999755859375,7071400
2011-05-18,140.92999267578125,141.82000732421875,140.2100067138672,140.83999633789062,4768900
2011-05-19,141.22999572753906,141.3000030517578,138.42999267578125,139.33999633789062,7331500
2011-05-20,138.17999267578125,139.63999938964844,134.7899932861328,134.99000549316406,11284500
2011-05-23,133.63999938964844,137.19000244140625,133.63999938964844,135.83999633789062,8406500
2011-05-24,136.27000427246094,136.75999450683594,135.02999877929688,136.33999633789062,6605300
2011-05-25,135.6699981689453,137.58999633789062,135.50999450683594,136.24000549316406,6528800
2011-05-26,136.1999969482422,136.6999969482422,135.33999633789062,136.25999450683594,5332300
2011-05-27,136.25,138.9600067138672,136.22999572753906,138.66000366210938,5275700
2011-05-31,140.82000732421875,142.3000030517578,139.8800048828125,140.72999572753906,7023200
2011-06-01,139.9499969482422,140.0,136.10000610351562,136.1699981689453,6768100
2011-06-02,136.64999389648438,136.72999572753906,131.5,134.3800048828125,12423400
2011-06-03,132.97999572753906,137.1699981689453,132.88999938964844,135.3300018310547,5457600
2011-06-06,134.75,135.22000122070312,133.13999938964844,133.89999389648438,5287800
2011-06-07,134.3800048828125,135.75999450683594,132.99000549316406,132.99000549316406,6191500
2011-06-08,132.6300048828125,134.88999938964844,131.5,131.58999633789062,6795100
2011-06-09,131.99000549316406,135.10000610351562,131.8300018310547,133.52999877929688,4498100
2011-06-10,133.2100067138672,137.25,132.52000427246094,135.9199981689453,7556800
2011-06-13,136.1300048828125,137.97000122070312,135.9199981689453,137.52999877929688,5272900
2011-06-14,138.1999969482422,138.9499969482422,136.5399932861328,137.10000610351562,5849900
2011-06-15,136.07000732421875,137.58999633789062,134.00999450683594,134.85000610351562,5715200
2011-06-16,134.6300048828125,136.88999938964844,134.14999389648438,136.08999633789062,5230700
2011-06-17,137.8300018310547,138.7899932861328,137.2100067138672,137.22999572753906,6758300
2011-06-20,136.4199981689453,136.72999572753906,134.36000061035156,135.13999938964844,4019900
2011-06-21,135.5,137.19000244140625,134.3000030517578,135.9600067138672,4213300
2011-06-22,135.58999633789062,137.77999877929688,134.42999267578125,134.52000427246094,4224400
2011-06-23,133.10000610351562,133.8300018310547,131.63999938964844,132.36000061035156,6706600
2011-06-24,132.80999755859375,133.4499969482422,130.82000732421875,130.91000366210938,5774800
2011-06-27,130.75,131.86000061035156,129.8000030517578,130.7100067138672,5831800
2011-06-28,131.33999633789062,131.33999633789062,128.3000030517578,129.25999450683594,8056000
2011-06-29,129.72999572753906,133.22999572753906,129.5,132.52999877929688,8170800
2011-06-30,133.0500030517578,133.8000030517578,131.5,133.08999633789062,4980900
2011-07-01,133.42999267578125,136.72000122070312,133.08999633789062,136.64999389648438,5103500
2011-07-05,135.89999389648438,136.0500030517578,133.0,134.5,4458300
2011-07-06,133.77999877929688,134.44000244140625,132.82000732421875,133.88999938964844,3029100
2011-07-07,135.08999633789062,136.1999969482422,134.72000122070312,135.00999450683594,3857500
2011-07-08,133.32000732421875,134.39999389648438,133.1699981689453,134.0800018310547,4141600
2011-07-11,132.75,133.42999267578125,131.07000732421875,132.02000427246094,4722900
2011-07-12,131.4199981689453,132.66000366210938,130.10000610351562,130.30999755859375,4330900
2011-07-13,130.74000549316406,131.77000427246094,129.6999969482422,129.9199981689453,4410500
2011-07-14,131.6999969482422,132.1999969482422,129.75,129.88999938964844,5357200
2011-07-15,131.30999755859375,131.50999450683594,129.17999267578125,130.16000366210938,5255100
2011-07-18,129.5800018310547,130.16000366210938,127.5,129.3300018310547,5836500
2011-07-19,125.7300033569336,129.92999267578125,125.5,128.49000549316406,15297700
2011-07-20,128.0,133.8000030517578,127.58000183105469,132.75,8578300
2011-07-21,133.52000427246094,135.97999572753906,133.25,135.5800018310547,7671000
2011-07-22,135.02999877929688,136.47000122070312,134.44000244140625,135.49000549316406,4925500
2011-07-25,134.1699981689453,137.1300048828125,133.5,136.85000610351562,5856700
2011-07-26,136.61000061035156,139.25,136.02000427246094,137.60000610351562,5464700
2011-07-27,136.7899932861328,137.25,134.44000244140625,134.72000122070312,5250000
2011-07-28,134.97000122070312,138.1300048828125,134.64999389648438,135.83999633789062,4429700
2011-07-29,134.10000610351562,136.60000610351562,133.1300048828125,134.97000122070312,5340300
2011-08-01,136.9199981689453,137.33999633789062,133.75,134.14999389648438,5880700
2011-08-02,132.0800018310547,134.75999450683594,131.17999267578125,131.22999572753906,7594500
2011-08-03,131.35000610351562,133.27000427246094,130.7100067138672,132.0800018310547,6499400
2011-08-04,130.83999633789062,131.88999938964844,126.20999908447266,126.2300033569336,8193300
2011-08-05,127.75,129.22999572753906,122.3499984741211,125.18000030517578,11167300
2011-08-08,122.08000183105469,125.44000244140625,112.11000061035156,117.66000366210938,17378000
2011-08-09,120.51000213623047,123.1500015258789,111.5999984741211,122.7300033569336,15913400
2011-08-10,119.58000183105469,119.66999816894531,110.04000091552734,110.33999633789062,18592000
2011-08-11,112.94000244140625,119.75,112.25,118.0999984741211,11842200
2011-08-12,119.81999969482422,120.87999725341797,115.29000091552734,116.47000122070312,9607900
2011-08-15,117.56999969482422,119.69999694824219,116.0,119.12999725341797,7257200
2011-08-16,117.5999984741211,119.77999877929688,115.5,116.87000274658203,7413100
2011-08-17,117.36000061035156,118.75,116.55000305175781,117.25,4828600
2011-08-18,112.1500015258789,114.5,112.04000091552734,113.13999938964844,9284600
2011-08-19,111.87000274658203,115.30000305175781,111.11000061035156,111.76000213623047,6829000
2011-08-22,114.16999816894531,114.48999786376953,105.0999984741211,106.51000213623047,11286600
2011-08-23,106.0199966430664,108.80000305175781,103.16000366210938,106.86000061035156,24482500
2011-08-24,106.9000015258789,110.73999786376953,106.38999938964844,110.30999755859375,10169800
2011-08-25,114.51000213623047,118.0999984741211,108.11000061035156,109.83999633789062,11939500
2011-08-26,108.62999725341797,112.58000183105469,107.72000122070312,111.75,7355700
2011-08-29,113.6500015258789,116.54000091552734,112.33000183105469,116.06999969482422,5177900
2011-08-30,115.33000183105469,116.0,113.25,115.18000030517578,5298800
2011-08-31,115.4000015258789,117.80000305175781,114.66999816894531,116.22000122070312,6488100
2011-09-01,115.55000305175781,115.55000305175781,111.5999984741211,112.16000366210938,9855500
2011-09-02,108.58000183105469,109.23999786376953,105.80000305175781,107.05999755859375,8380900
2011-09-06,103.66999816894531,105.5999984741211,103.43000030517578,104.55999755859375,7749300
2011-09-07,106.0,108.79000091552734,105.0,108.33999633789062,6526400
2011-09-08,107.12999725341797,108.0,104.73999786376953,104.79000091552734,6508800
2011-09-09,104.37999725341797,105.81999969482422,102.22000122070312,102.25,8613700
2011-09-12,100.79000091552734,103.0,99.77999877929688,102.91999816894531,8769600
2011-09-13,103.41000366210938,105.18000030517578,101.5,104.08999633789062,7119200
2011-09-14,104.91000366210938,105.87999725341797,103.52999877929688,104.54000091552734,6602200
2011-09-15,105.16999816894531,108.19000244140625,105.0999984741211,107.97000122070312,6354500
2011-09-16,109.06999969482422,109.66000366210938,105.91000366210938,107.48999786376953,7999300
2011-09-19,105.31999969482422,105.5999984741211,103.25,104.80999755859375,5821600
2011-09-20,105.0,105.2699966430664,102.52999877929688,102.61000061035156,4978100
2011-09-21,102.80999755859375,102.83000183105469,97.72000122070312,97.86000061035156,8586100
2011-09-22,95.95999908447266,96.02999877929688,91.4000015258789,93.9800033569336,12381300
2011-09-23,92.83999633789062,96.5199966430664,92.80000305175781,95.18000030517578,17489100
2011-09-26,96.19000244140625,99.7300033569336,95.0,99.13999938964844,7038600
2011-09-27,101.19999694824219,104.08000183105469,98.77999877929688,99.55000305175781,8583800
2011-09-28,99.9800033569336,100.80999755859375,96.20999908447266,96.31999969482422,5676800
2011-09-29,98.6500015258789,99.9800033569336,97.19999694824219,99.87000274658203,5949200
2011-09-30,98.27999877929688,98.4000015258789,94.45999908447266,94.55000305175781,5780200
2011-10-03,93.73999786376953,95.72000122070312,89.87999725341797,90.08000183105469,7745200
2011-10-04,88.31999969482422,95.22000122070312,84.2699966430664,94.58000183105469,12000000
2011-10-05,93.87000274658203,95.54000091552734,90.81999969482422,94.29000091552734,8455400
2011-10-06,94.0,98.0,91.76000213623047,97.93000030517578,7604000
2011-10-07,98.06999969482422,98.06999969482422,92.25,92.69000244140625,7636900
2011-10-10,94.91999816894531,96.38999938964844,93.94999694824219,96.13999938964844,6123500
2011-10-11,94.55999755859375,98.80999755859375,94.0,96.69999694824219,7065300
2011-10-12,98.19999694824219,101.12999725341797,96.38999938964844,99.11000061035156,8237900
2011-10-13,97.87000274658203,98.0199966430664,94.5199966430664,96.1500015258789,6571500
2011-10-14,96.79000091552734,97.83999633789062,94.6500015258789,96.7300033569336,5557400
2011-10-17,95.51000213623047,97.88999938964844,95.16999816894531,96.9000015258789,7227800
2011-10-18,98.19000244140625,103.73999786376953,96.55000305175781,102.25,16777200
2011-10-19,101.55000305175781,104.94000244140625,100.31999969482422,100.79000091552734,9959400
2011-10-20,101.69000244140625,102.16999816894531,98.27999877929688,100.86000061035156,7351200
2011-10-21,101.73999786376953,103.05999755859375,100.58999633789062,102.08999633789062,5854800
2011-10-24,102.6500015258789,104.7300033569336,102.58000183105469,103.9800033569336,5616600
2011-10-25,103.05000305175781,103.16999816894531,100.08000183105469,100.44000244140625,5150100
2011-10-26,101.9000015258789,106.73999786376953,101.36000061035156,106.33000183105469,11751700
2011-10-27,110.33000183105469,117.52999877929688,110.0,116.4000015258789,16477900
2011-10-28,114.33999633789062,118.06999969482422,114.0,115.86000061035156,8249500
2011-10-31,112.79000091552734,113.88999938964844,109.4800033569336,109.55000305175781,8071700
2011-11-01,103.48999786376953,107.0999984741211,102.70999908447266,103.54000091552734,10225400
2011-11-02,106.44999694824219,107.25,104.75,106.12999725341797,5602800
2011-11-03,108.02999877929688,108.70999908447266,102.08999633789062,107.68000030517578,8295100
2011-11-04,106.33000183105469,106.56999969482422,103.80999755859375,105.04000091552734,6074600
2011-11-07,104.94999694824219,106.1500015258789,103.75,105.56999969482422,4696900
2011-11-08,106.41000366210938,109.26000213623047,106.19999694824219,108.58000183105469,6138600
2011-11-09,104.98999786376953,105.0,98.83000183105469,99.66999816894531,10596500
2011-11-10,101.87000274658203,101.94000244140625,98.13999938964844,99.5,8536500
2011-11-11,100.88999938964844,102.19999694824219,100.26000213623047,101.66000366210938,4770400
2011-11-14,100.5199966430664,100.61000061035156,98.37999725341797,99.29000091552734,4826400
2011-11-15,98.30000305175781,101.0199966430664,98.05999755859375,99.75,5664100
2011-11-16,98.87000274658203,98.98999786376953,95.25,95.5999984741211,8889900
2011-11-17,95.98999786376953,96.44000244140625,91.81999969482422,92.3499984741211,8994900
2011-11-18,92.47000122070312,93.38999938964844,91.30999755859375,91.91000366210938,6228700
2011-11-21,90.18000030517578,92.29000091552734,88.9000015258789,91.30000305175781,7802900
2011-11-22,90.70999908447266,91.80000305175781,88.61000061035156,89.4000015258789,7087400
2011-11-23,88.9800033569336,89.27999877929688,87.5999984741211,87.88999938964844,6608600
2011-11-25,88.05999755859375,91.44000244140625,87.73999786376953,88.75,3675000
2011-11-28,92.72000122070312,93.75,89.37000274658203,90.77999877929688,8730600
2011-11-29,90.3499984741211,91.29000091552734,88.6500015258789,88.80999755859375,5877300
2011-11-30,92.4000015258789,96.01000213623047,91.37000274658203,95.86000061035156,10871200
2011-12-01,94.58000183105469,95.62000274658203,93.19999694824219,94.43000030517578,6036600
2011-12-02,95.52999877929688,102.41999816894531,95.52999877929688,97.25,15122900
2011-12-05,99.55999755859375,102.19000244140625,99.05000305175781,99.81999969482422,8527400
2011-12-06,99.63999938964844,102.0999984741211,99.0,101.16000366210938,6401800
2011-12-07,100.2699966430664,106.0999984741211,99.05000305175781,105.12999725341797,10620400
2011-12-08,103.68000030517578,104.69000244140625,99.37999725341797,99.91999816894531,9218200
2011-12-09,101.12000274658203,103.58000183105469,100.79000091552734,101.44999694824219,7014600
2011-12-12,99.33999633789062,99.44999694824219,97.5199966430664,98.02999877929688,6133300
2011-12-13,99.19000244140625,99.94000244140625,93.3499984741211,95.04000091552734,10105700
2011-12-14,93.77999877929688,95.70999908447266,92.44999694824219,93.25,8376300
2011-12-15,94.73999786376953,95.0999984741211,91.9000015258789,91.9000015258789,8163200
2011-12-16,92.70999908447266,93.58999633789062,89.9000015258789,90.0999984741211,10053500
2011-12-19,90.62000274658203,90.91999816894531,86.9000015258789,87.69999694824219,9545300
2011-12-20,89.81999969482422,91.5,88.1500015258789,90.9800033569336,8610800
2011-12-21,91.04000091552734,92.20999908447266,89.27999877929688,92.0,6422500
2011-12-22,92.12000274658203,94.94999694824219,91.79000091552734,94.41999816894531,8280500
2011-12-23,94.80000305175781,95.0,92.7300033569336,93.79000091552734,3919500
2011-12-27,93.5,93.83999633789062,91.83000183105469,91.9000015258789,3672000
2011-12-28,91.66000366210938,92.44000244140625,90.04000091552734,90.12000274658203,3917400
2011-12-29,90.58999633789062,91.43000030517578,90.25,91.01000213623047,4290500
2011-12-30,90.52999877929688,91.13999938964844,90.13999938964844,90.43000030517578,4182800
2012-01-03,92.97000122070312,96.43000030517578,92.83000183105469,95.36000061035156,8645200
2012-01-04,94.7300033569336,95.12999725341797,93.68000030517578,94.73999786376953,7406200
2012-01-05,93.94999694824219,95.80000305175781,92.5,94.58000183105469,8131300
2012-01-06,93.80000305175781,93.95999908447266,92.41999816894531,93.41999816894531,5940900
2012-01-09,93.48999786376953,95.11000061035156,92.95999908447266,94.69000244140625,5018200
2012-01-10,97.36000061035156,99.4800033569336,97.04000091552734,98.33000183105469,7682700
2012-01-11,97.94000244140625,100.62000274658203,97.5,99.76000213623047,7223000
2012-01-12,100.55999755859375,101.44999694824219,98.26000213623047,101.20999908447266,6858700
2012-01-13,98.0,99.43000030517578,97.0,98.95999908447266,7615800
2012-01-17,98.62000274658203,101.83999633789062,96.94999694824219,97.68000030517578,8041500
2012-01-18,99.0,105.83000183105469,97.80000305175781,104.30999755859375,17960300
2012-01-19,106.25,108.30000305175781,104.87999725341797,107.68000030517578,11480900
2012-01-20,107.31999969482422,109.43000030517578,106.5999984741211,108.73999786376953,8439700
2012-01-23,108.48999786376953,110.9000015258789,107.5199966430664,108.19000244140625,7091800
2012-01-24,106.79000091552734,109.0999984741211,106.25,108.87000274658203,4543900
2012-01-25,106.2300033569336,108.94999694824219,105.93000030517578,108.2699966430664,7927600
2012-01-26,108.61000061035156,110.30000305175781,108.02999877929688,108.55999755859375,6909600
2012-01-27,107.7699966430664,112.19999694824219,107.62000274658203,111.7699966430664,8403600
2012-01-30,110.37000274658203,110.41999816894531,108.7699966430664,109.7300033569336,6356900
2012-01-31,110.69000244140625,112.5,109.16000366210938,111.47000122070312,8028400
2012-02-01,112.61000061035156,116.6500015258789,111.61000061035156,113.44999694824219,11333000
2012-02-02,114.33999633789062,115.41000366210938,112.70999908447266,113.38999938964844,6624200
2012-02-03,115.61000061035156,117.56999969482422,115.4000015258789,117.52999877929688,7454500
2012-02-06,116.38999938964844,117.5999984741211,116.33000183105469,117.38999938964844,3421900
2012-02-07,116.7699966430664,116.9800033569336,115.30999755859375,115.9800033569336,5727300
2012-02-08,116.61000061035156,117.04000091552734,114.54000091552734,116.1500015258789,4958200
2012-02-09,117.19000244140625,117.38999938964844,115.05000305175781,115.87999725341797,4769800
2012-02-10,114.5199966430664,115.66000366210938,113.26000213623047,114.12000274658203,5849400
2012-02-13,115.86000061035156,116.06999969482422,113.9800033569336,114.52999877929688,3990000
2012-02-14,113.66000366210938,113.8499984741211,111.4000015258789,112.87000274658203,4870300
2012-02-15,113.27999877929688,115.25,112.91000366210938,113.16999816894531,6111800
2012-02-16,112.44999694824219,114.9800033569336,111.62000274658203,114.73999786376953,6372400
2012-02-17,115.45999908447266,116.6500015258789,114.83000183105469,115.91000366210938,5182300
2012-02-21,116.22000122070312,117.91000366210938,115.93000030517578,116.62999725341797,5320400
2012-02-22,116.22000122070312,117.13999938964844,114.29000091552734,114.36000061035156,4508500
2012-02-23,114.62000274658203,115.81999969482422,113.22000122070312,115.80000305175781,5609600
2012-02-24,116.31999969482422,116.97000122070312,115.11000061035156,115.87000274658203,4877500
2012-02-27,114.5199966430664,116.6500015258789,113.94000244140625,116.2300033569336,4370200
2012-02-28,116.0,118.66000366210938,115.25,117.11000061035156,6448200
2012-02-29,116.51000213623047,118.12999725341797,115.13999938964844,115.13999938964844,6650700
2012-03-01,115.97000122070312,121.23999786376953,115.83999633789062,121.12999725341797,10485800
2012-03-02,121.41000366210938,122.18000030517578,119.86000061035156,119.95999908447266,7044100
2012-03-05,119.5999984741211,119.94999694824219,117.51000213623047,118.62999725341797,5612700
2012-03-06,116.12000274658203,116.23999786376953,113.11000061035156,113.66999816894531,8161100
2012-03-07,114.66000366210938,116.7300033569336,114.29000091552734,116.4000015258789,5595000
2012-03-08,117.7300033569336,118.68000030517578,116.08000183105469,117.16999816894531,4784100
2012-03-09,117.62000274658203,118.48999786376953,116.23999786376953,117.29000091552734,5000600
2012-03-12,117.69999694824219,117.87000274658203,116.27999877929688,116.98999786376953,4060000
2012-03-13,118.4000015258789,124.8499984741211,118.4000015258789,124.54000091552734,11884700
2012-03-14,124.5199966430664,124.87000274658203,119.81999969482422,120.37000274658203,14837200
2012-03-15,121.7300033569336,123.55000305175781,120.12000274658203,123.05999755859375,7245600
2012-03-16,123.0999984741211,123.5,121.05999755859375,122.93000030517578,7425700
2012-03-19,122.93000030517578,126.0,122.19999694824219,124.30000305175781,8020700
2012-03-20,123.48999786376953,127.86000061035156,123.26000213623047,126.0199966430664,8247000
2012-03-21,126.68000030517578,127.51000213623047,124.51000213623047,125.98999786376953,4820500
2012-03-22,124.79000091552734,125.56999969482422,124.08999633789062,124.73999786376953,5028400
2012-03-23,125.86000061035156,126.80000305175781,124.51000213623047,126.18000030517578,5160600
2012-03-26,127.26000213623047,128.2100067138672,126.44000244140625,128.07000732421875,4444000
2012-03-27,128.58999633789062,128.72000122070312,126.19999694824219,126.33000183105469,5447000
2012-03-28,126.0999984741211,127.23999786376953,124.08999633789062,126.36000061035156,5187900
2012-03-29,125.66000366210938,126.5999984741211,122.88999938964844,123.76000213623047,5538800
2012-03-30,124.69000244140625,125.47000122070312,122.93000030517578,124.37000274658203,4651400
2012-04-02,124.13999938964844,125.54000091552734,123.37999725341797,124.9000015258789,4084700
2012-04-03,124.31999969482422,124.43000030517578,121.69999694824219,122.70999908447266,5594800
2012-04-04,120.81999969482422,121.62999725341797,119.86000061035156,119.95999908447266,5633800
2012-04-05,119.44999694824219,120.58999633789062,117.62999725341797,118.0,6103700
2012-04-09,116.05999755859375,117.98999786376953,115.66999816894531,117.0199966430664,4043300
2012-04-10,117.27999877929688,118.22000122070312,114.44999694824219,114.55999755859375,5770400
2012-04-11,116.37000274658203,117.0199966430664,115.55999755859375,115.93000030517578,4177500
2012-04-12,116.56999969482422,120.41000366210938,116.0,120.38999938964844,5514600
2012-04-13,119.98999786376953,120.08999633789062,114.88999938964844,115.08999633789062,6368200
2012-04-16,117.12000274658203,118.41000366210938,114.95999908447266,117.7300033569336,7137600
2012-04-17,119.37000274658203,119.7699966430664,116.23999786376953,116.86000061035156,12894400
2012-04-18,114.76000213623047,116.79000091552734,114.2300033569336,115.33000183105469,6637400
2012-04-19,115.0999984741211,115.4800033569336,112.47000122070312,113.5999984741211,9240300
2012-04-20,113.91000366210938,114.16999816894531,112.31999969482422,112.44000244140625,5369600
2012-04-23,110.5199966430664,111.94000244140625,110.06999969482422,111.75,7047600
2012-04-24,111.55999755859375,114.25,111.04000091552734,114.11000061035156,4701900
2012-04-25,115.11000061035156,115.11000061035156,112.72000122070312,113.9800033569336,5080600
2012-04-26,113.43000030517578,115.55000305175781,113.08000183105469,114.55999755859375,4587600
2012-04-27,114.2300033569336,114.98999786376953,113.33999633789062,114.41000366210938,4008400
2012-04-30,114.19000244140625,115.30000305175781,113.61000061035156,115.1500015258789,4240300
2012-05-01,114.83999633789062,116.4800033569336,114.1500015258789,115.33000183105469,4308600
2012-05-02,114.0999984741211,114.47000122070312,112.7699966430664,113.7699966430664,3956400
2012-05-03,113.9800033569336,114.27999877929688,110.80999755859375,111.52999877929688,4854800
2012-05-04,110.77999877929688,110.9000015258789,108.80000305175781,108.98999786376953,5500100
2012-05-07,108.52999877929688,110.86000061035156,108.29000091552734,110.04000091552734,3267400
2012-05-08,108.98999786376953,110.19000244140625,107.7699966430664,109.37000274658203,4065900
2012-05-09,107.30000305175781,108.63999938964844,106.66000366210938,107.29000091552734,4777100
2012-05-10,108.55999755859375,109.36000061035156,106.12000274658203,106.31999969482422,4694200
2012-05-11,103.41999816894531,103.79000091552734,101.58999633789062,102.12999725341797,10631800
2012-05-14,100.86000061035156,101.06999969482422,99.31999969482422,99.7699966430664,10075600
2012-05-15,100.13999938964844,101.7699966430664,99.77999877929688,99.87000274658203,5656700
2012-05-16,100.55000305175781,102.13999938964844,98.19999694824219,98.19999694824219,5797200
2012-05-17,98.56999969482422,99.94000244140625,97.08000183105469,97.08000183105469,6375200
2012-05-18,97.52999877929688,97.9000015258789,95.0,95.48999786376953,7184700
2012-05-21,94.80000305175781,97.55000305175781,94.0,96.51000213623047,5314700
2012-05-22,96.87999725341797,99.94999694824219,96.58999633789062,97.52999877929688,5839700
2012-05-23,96.75,98.51000213623047,95.51000213623047,98.04000091552734,5469700
2012-05-24,98.31999969482422,98.5,95.83999633789062,96.86000061035156,5177300
2012-05-25,96.54000091552734,97.77999877929688,96.51000213623047,96.69999694824219,3096000
2012-05-29,97.01000213623047,97.87999725341797,95.37999725341797,97.86000061035156,4528000
2012-05-30,96.68000030517578,96.9000015258789,94.41000366210938,94.61000061035156,5713200
2012-05-31,94.9000015258789,96.6500015258789,93.69999694824219,95.69999694824219,4833000
2012-06-01,94.06999969482422,94.19999694824219,92.19000244140625,92.63999938964844,5384700
2012-06-04,92.76000213623047,93.0199966430664,90.55000305175781,91.0,5332600
2012-06-05,90.95999908447266,93.0,90.70999908447266,92.20999908447266,4682900
2012-06-06,93.04000091552734,95.06999969482422,92.9000015258789,94.95999908447266,6399600
2012-06-07,96.63999938964844,97.5,93.29000091552734,94.0,6068400
2012-06-08,93.62999725341797,94.83999633789062,92.88999938964844,94.54000091552734,3366700
2012-06-11,96.01000213623047,96.76000213623047,92.66000366210938,92.80000305175781,4941700
2012-06-12,92.91000366210938,94.04000091552734,92.5199966430664,94.04000091552734,3668500
2012-06-13,93.31999969482422,94.41999816894531,92.2699966430664,92.72000122070312,4694700
2012-06-14,92.94000244140625,94.29000091552734,92.51000213623047,93.81999969482422,4461000
2012-06-15,93.68000030517578,95.7699966430664,92.75,95.66000366210938,6186200
2012-06-18,95.23999786376953,95.2699966430664,93.31999969482422,93.62999725341797,4081400
2012-06-19,94.30000305175781,97.47000122070312,94.1500015258789,96.37000274658203,5295200
2012-06-20,97.01000213623047,97.5999984741211,95.37000274658203,96.55000305175781,4941300
2012-06-21,96.80000305175781,96.87000274658203,93.87000274658203,93.9000015258789,5577700
2012-06-22,95.31999969482422,95.31999969482422,93.16000366210938,93.62999725341797,6720200
2012-06-25,92.36000061035156,92.4000015258789,90.66000366210938,91.22000122070312,4211300
2012-06-26,91.48999786376953,91.83000183105469,90.43000030517578,91.02999877929688,4248000
2012-06-27,91.19000244140625,93.79000091552734,91.0199966430664,93.2699966430664,3576100
2012-06-28,92.08999633789062,93.5199966430664,91.33000183105469,93.48999786376953,4413500
2012-06-29,96.01000213623047,96.18000030517578,94.5199966430664,95.86000061035156,6245300
2012-07-02,96.55999755859375,97.30000305175781,95.58999633789062,97.12999725341797,3515900
2012-07-03,97.12999725341797,98.7699966430664,96.62999725341797,98.5999984741211,2251100
2012-07-05,98.20999908447266,98.20999908447266,95.88999938964844,95.91999816894531,3736900
2012-07-06,94.63999938964844,96.0,94.5,95.47000122070312,3312800
2012-07-09,94.83999633789062,95.3499984741211,93.66999816894531,94.47000122070312,4121300
2012-07-10,94.86000061035156,95.30000305175781,93.1500015258789,94.25,3668600
2012-07-11,93.87999725341797,95.47000122070312,93.75,95.12999725341797,4516400
2012-07-12,94.33999633789062,94.73999786376953,93.2300033569336,94.0199966430664,3187000
2012-07-13,94.91999816894531,97.86000061035156,94.80000305175781,97.43000030517578,4592400
2012-07-16,97.7300033569336,98.1500015258789,95.95999908447266,97.68000030517578,4503000
2012-07-17,100.23999786376953,100.48999786376953,97.18000030517578,97.9800033569336,9502200
2012-07-18,97.3499984741211,97.80999755859375,96.18000030517578,96.51000213623047,4443200
2012-07-19,96.5999984741211,96.63999938964844,94.55000305175781,95.0,6164100
2012-07-20,94.47000122070312,95.30000305175781,94.0999984741211,94.16000366210938,5543900
2012-07-23,91.94000244140625,93.41999816894531,91.1500015258789,93.16000366210938,4761200
2012-07-24,93.37999725341797,94.5999984741211,93.20999908447266,94.47000122070312,5301700
2012-07-25,95.05999755859375,96.69000244140625,94.8499984741211,95.95999908447266,4578900
2012-07-26,97.44000244140625,98.19999694824219,96.75,98.05999755859375,5077400
2012-07-27,98.41000366210938,102.05000305175781,98.12000274658203,101.63999938964844,6397200
2012-07-30,101.1500015258789,102.18000030517578,100.3499984741211,100.87999725341797,3659600
2012-07-31,100.26000213623047,101.77999877929688,100.0,100.9000015258789,3664000
2012-08-01,101.2699966430664,101.76000213623047,99.81999969482422,100.08999633789062,3092800
2012-08-02,98.5,99.02999877929688,96.72000122070312,97.80999755859375,3980200
2012-08-03,99.3499984741211,101.36000061035156,99.0,100.9800033569336,3283100
2012-08-06,101.25,102.8499984741211,100.75,102.0199966430664,2768700
2012-08-07,102.37999725341797,104.37999725341797,102.33000183105469,103.23999786376953,3845000
2012-08-08,102.5,103.30999755859375,102.16999816894531,102.5,2351100
2012-08-09,102.41000366210938,104.0,102.30000305175781,103.5999984741211,2850200
2012-08-10,103.37000274658203,103.37999725341797,102.12000274658203,103.0199966430664,3121600
2012-08-13,102.55000305175781,103.97000122070312,102.55000305175781,103.61000061035156,2008600
2012-08-14,104.1500015258789,105.62999725341797,102.91000366210938,103.26000213623047,3148200
2012-08-15,103.3499984741211,104.5,103.05000305175781,103.12999725341797,2452500
2012-08-16,103.26000213623047,103.93000030517578,102.5999984741211,103.48999786376953,2417900
2012-08-17,103.44999694824219,103.61000061035156,102.80000305175781,103.5999984741211,2509700
2012-08-20,103.31999969482422,105.5,103.13999938964844,105.27999877929688,3860800
2012-08-21,105.69000244140625,107.33999633789062,104.75,105.31999969482422,4459800
2012-08-22,104.7699966430664,106.3499984741211,103.66999816894531,104.66999816894531,4202400
2012-08-23,104.58999633789062,104.98999786376953,103.6500015258789,104.08000183105469,3583100
2012-08-24,103.55999755859375,105.22000122070312,102.2300033569336,104.95999908447266,3527100
2012-08-27,105.12000274658203,105.8499984741211,104.58000183105469,105.12000274658203,2466800
2012-08-28,104.45999908447266,105.88999938964844,104.19999694824219,105.02999877929688,2611100
2012-08-29,105.36000061035156,106.29000091552734,105.04000091552734,105.52999877929688,2266900
2012-08-30,104.73999786376953,105.19999694824219,103.94999694824219,104.72000122070312,2823700
2012-08-31,105.41000366210938,106.58000183105469,105.30999755859375,105.72000122070312,3264100
2012-09-04,105.55000305175781,107.25,105.54000091552734,106.41000366210938,3249200
2012-09-05,106.9000015258789,110.0,106.79000091552734,109.94000244140625,6371600
2012-09-06,110.61000061035156,113.77999877929688,110.01000213623047,113.54000091552734,6521500
2012-09-07,113.80000305175781,116.75,113.55000305175781,116.33000183105469,6137100
2012-09-10,116.05999755859375,116.25,114.54000091552734,114.68000030517578,4225100
2012-09-11,115.2300033569336,117.76000213623047,115.0199966430664,116.69000244140625,3898500
2012-09-12,117.4000015258789,118.45999908447266,116.69000244140625,118.23999786376953,4233700
2012-09-13,117.98999786376953,121.05000305175781,117.68000030517578,120.66999816894531,5261600
2012-09-14,121.26000213623047,122.5999984741211,120.4800033569336,121.36000061035156,6187700
2012-09-17,120.31999969482422,121.11000061035156,119.51000213623047,119.9000015258789,3598300
2012-09-18,119.43000030517578,120.36000061035156,118.75,119.87999725341797,3033300
2012-09-19,120.37000274658203,120.37000274658203,119.0199966430664,119.0199966430664,4818300
2012-09-20,117.63999938964844,117.81999969482422,116.23999786376953,117.62999725341797,4448100
2012-09-21,118.36000061035156,118.37999725341797,116.55999755859375,116.72000122070312,8188700
2012-09-24,116.33999633789062,117.43000030517578,114.9000015258789,116.5999984741211,3697500
2012-09-25,117.12999725341797,117.6500015258789,113.5,113.5,4547700
2012-09-26,113.22000122070312,113.63999938964844,111.9000015258789,113.08000183105469,5185100
2012-09-27,113.73999786376953,115.86000061035156,113.72000122070312,115.2300033569336,3898900
2012-09-28,115.01000213623047,115.01000213623047,113.2300033569336,113.68000030517578,3653700
2012-10-01,116.66999816894531,119.0199966430664,116.4000015258789,116.86000061035156,5338600
2012-10-02,117.55000305175781,118.23999786376953,117.08999633789062,117.25,3681300
2012-10-03,117.62000274658203,118.16999816894531,116.22000122070312,117.91000366210938,3036400
2012-10-04,118.66000366210938,120.36000061035156,117.93000030517578,119.9000015258789,3743200
2012-10-05,120.83000183105469,121.4000015258789,118.58000183105469,119.30999755859375,3938300
2012-10-08,118.27999877929688,119.72000122070312,118.1500015258789,119.45999908447266,2140400
2012-10-09,119.38999938964844,120.73999786376953,119.0199966430664,119.62999725341797,3260600
2012-10-10,119.5,120.25,119.05999755859375,120.08000183105469,2829600
2012-10-11,120.94999694824219,122.94000244140625,120.75,121.98999786376953,4707200
2012-10-12,121.62000274658203,122.27999877929688,119.88999938964844,120.19999694824219,4054900
2012-10-15,121.69999694824219,124.61000061035156,120.75,124.5,6412000
2012-10-16,124.2300033569336,125.97000122070312,122.3499984741211,123.22000122070312,10115900
2012-10-17,123.31999969482422,125.05000305175781,123.05000305175781,124.91999816894531,6712400
2012-10-18,123.80000305175781,126.4800033569336,123.19000244140625,125.1500015258789,5375100
2012-10-19,124.45999908447266,125.16999816894531,123.0199966430664,123.62000274658203,5876400
2012-10-22,122.0199966430664,124.36000061035156,121.91999816894531,122.7699966430664,3643000
2012-10-23,120.47000122070312,121.66000366210938,118.12000274658203,119.0,5818500
2012-10-24,119.83000183105469,121.3499984741211,119.7699966430664,119.7699966430664,3662000
2012-10-25,120.83000183105469,122.19000244140625,118.6500015258789,119.72000122070312,4128800
2012-10-26,119.23999786376953,120.37999725341797,118.37999725341797,119.44000244140625,3960900
2012-10-31,119.7300033569336,122.5999984741211,119.66000366210938,122.38999938964844,3679700
2012-11-01,122.81999969482422,124.87999725341797,122.36000061035156,124.8499984741211,3336200
2012-11-02,125.3499984741211,125.88999938964844,123.05999755859375,123.25,3188800
2012-11-05,123.19000244140625,124.45999908447266,122.11000061035156,124.08000183105469,2568700
2012-11-06,124.33000183105469,126.7300033569336,124.30000305175781,126.25,3986000
2012-11-07,122.80000305175781,123.12000274658203,117.97000122070312,117.9800033569336,7075800
2012-11-08,119.20999908447266,119.83999633789062,115.26000213623047,115.2699966430664,6252100
2012-11-09,114.70999908447266,117.8499984741211,113.83999633789062,116.1500015258789,4823100
2012-11-12,116.79000091552734,117.83999633789062,116.30000305175781,117.23999786376953,2453600
2012-11-13,115.88999938964844,118.3499984741211,115.08000183105469,116.47000122070312,3156600
2012-11-14,116.6500015258789,117.44999694824219,113.87999725341797,114.23999786376953,3885700
2012-11-15,114.51000213623047,116.36000061035156,113.91000366210938,115.44000244140625,3702900
2012-11-16,115.52999877929688,116.56999969482422,114.2300033569336,115.83999633789062,4515900
2012-11-19,117.19999694824219,119.19000244140625,117.19000244140625,118.30000305175781,3868600
2012-11-20,117.93000030517578,118.75,117.37000274658203,118.08999633789062,3304000
2012-11-21,118.18000030517578,118.2300033569336,116.83000183105469,117.69999694824219,2075200
2012-11-23,118.66999816894531,120.30999755859375,118.2699966430664,120.30999755859375,1977500
2012-11-26,119.16000366210938,120.94999694824219,118.5,120.94000244140625,3371000
2012-11-27,120.5,121.33999633789062,118.37999725341797,118.41000366210938,3875200
2012-11-28,117.25,119.33000183105469,116.56999969482422,119.33000183105469,3811200
2012-11-29,120.0,120.44999694824219,118.5199966430664,118.7300033569336,2980800
2012-11-30,117.95999908447266,119.44000244140625,117.69000244140625,117.79000091552734,4264300
2012-12-03,118.41999816894531,119.63999938964844,118.06999969482422,118.4000015258789,3613900
2012-12-04,118.12000274658203,118.38999938964844,116.19999694824219,116.58000183105469,3591600
2012-12-05,117.0199966430664,117.9000015258789,116.0,117.12999725341797,3283000
2012-12-06,117.22000122070312,117.4800033569336,116.19999694824219,117.19999694824219,2330900
2012-12-07,117.7699966430664,118.0,116.13999938964844,116.56999969482422,3960500
2012-12-10,116.61000061035156,117.16999816894531,115.62000274658203,117.01000213623047,3331900
2012-12-11,117.55999755859375,119.80000305175781,117.04000091552734,118.86000061035156,5696500
2012-12-12,119.29000091552734,119.9800033569336,118.08000183105469,118.08999633789062,5372400
2012-12-13,117.80999755859375,119.16000366210938,117.58999633789062,118.5,3329100
2012-12-14,118.44999694824219,120.06999969482422,118.30000305175781,119.36000061035156,3717200
2012-12-17,120.19000244140625,123.48999786376953,120.02999877929688,123.48999786376953,5476700
2012-12-18,124.81999969482422,128.0,124.48999786376953,127.7699966430664,8040300
2012-12-19,128.6699981689453,129.3000030517578,126.80999755859375,127.25,5525400
2012-12-20,127.3499984741211,129.72000122070312,126.62000274658203,129.72000122070312,4402500
2012-12-21,126.62999725341797,128.9499969482422,125.62999725341797,128.44000244140625,6393300
2012-12-24,127.87000274658203,128.5,127.4000015258789,127.54000091552734,1359300
2012-12-26,128.16000366210938,129.3000030517578,127.11000061035156,127.16000366210938,2210100
2012-12-27,127.55000305175781,128.3000030517578,124.56999969482422,126.66999816894531,3263500
2012-12-28,125.7300033569336,126.62000274658203,125.33999633789062,125.5199966430664,1859200
2012-12-31,125.41999816894531,127.68000030517578,124.79000091552734,127.55999755859375,3623000
2013-01-02,131.3000030517578,131.66000366210938,129.6199951171875,131.66000366210938,4449000
2013-01-03,131.6999969482422,131.77999877929688,130.07000732421875,130.94000244140625,4584600
2013-01-04,130.92999267578125,134.63999938964844,130.32000732421875,134.50999450683594,5234600
2013-01-07,134.1199951171875,134.50999450683594,132.8800048828125,134.25999450683594,3556900
2013-01-08,133.7100067138672,133.9499969482422,132.6999969482422,133.0500030517578,2760200
2013-01-09,133.39999389648438,134.42999267578125,133.27000427246094,134.32000732421875,3666500
2013-01-10,135.07000732421875,138.14999389648438,134.1300048828125,137.3699951171875,5960700
2013-01-11,137.02000427246094,137.1699981689453,136.1300048828125,137.1300048828125,3211700
2013-01-14,137.19000244140625,137.32000732421875,135.66000366210938,136.1300048828125,2855800
2013-01-15,135.5500030517578,137.25999450683594,135.1199951171875,135.58999633789062,4322800
2013-01-16,138.94000244140625,141.5800018310547,137.89999389648438,141.08999633789062,10650800
2013-01-17,140.88999938964844,141.9499969482422,139.6199951171875,141.00999450683594,6596000
2013-01-18,141.35000610351562,144.80999755859375,141.24000549316406,144.4499969482422,7349000
2013-01-22,144.00999450683594,146.27999877929688,143.33999633789062,145.9499969482422,5158400
2013-01-23,145.77999877929688,145.94000244140625,144.80999755859375,145.55999755859375,3948700
2013-01-24,145.0,146.74000549316406,144.05999755859375,144.9600067138672,4638200
2013-01-25,144.17999267578125,145.27000427246094,143.3000030517578,144.4600067138672,4639400
2013-01-28,144.42999267578125,145.25,143.69000244140625,144.14999389648438,3045600
2013-01-29,144.10000610351562,147.5,143.83999633789062,147.10000610351562,4519800
2013-01-30,146.80999755859375,147.4199981689453,145.91000366210938,147.14999389648438,4083100
2013-01-31,146.25999450683594,148.0,146.25999450683594,147.86000061035156,3680900
2013-02-01,148.50999450683594,150.39999389648438,147.75999450683594,149.89999389648438,4563800
2013-02-04,148.25,148.9499969482422,146.6199951171875,147.52000427246094,4679400
2013-02-05,148.35000610351562,150.75,148.17999267578125,150.4499969482422,4219200
2013-02-06,149.75,151.13999938964844,149.1699981689453,151.1199951171875,3940600
2013-02-07,150.75999450683594,152.5,149.0,150.25999450683594,4890800
2013-02-08,150.77999877929688,151.97000122070312,150.35000610351562,151.60000610351562,3612300
2013-02-11,151.4199981689453,152.8699951171875,150.9600067138672,152.24000549316406,3751400
2013-02-12,152.47999572753906,154.32000732421875,151.7899932861328,154.11000061035156,4309000
2013-02-13,154.11000061035156,154.85000610351562,153.27999877929688,154.52000427246094,4369100
2013-02-14,153.83999633789062,156.72000122070312,153.6199951171875,155.92999267578125,5035800
2013-02-15,156.39999389648438,156.5399932861328,154.0800018310547,154.99000549316406,4254400
2013-02-19,155.69000244140625,159.0,155.25,158.64999389648438,5103400
2013-02-20,158.22000122070312,158.5,154.55999755859375,155.17999267578125,5029700
2013-02-21,153.72000122070312,153.9499969482422,149.8000030517578,150.8800048828125,8318000
2013-02-22,152.3699951171875,154.1300048828125,152.0500030517578,154.08999633789062,4772700
2013-02-25,155.19000244140625,155.69000244140625,147.60000610351562,147.64999389648438,6294200
2013-02-26,148.11000061035156,149.4600067138672,146.7100067138672,148.0,5686600
2013-02-27,147.8699951171875,152.0500030517578,147.75999450683594,151.64999389648438,4695000
2013-02-28,151.35000610351562,152.39999389648438,149.75999450683594,149.75999450683594,4956000
2013-03-01,148.1199951171875,151.6999969482422,147.22000122070312,150.52999877929688,4538400
2013-03-04,150.00999450683594,152.47000122070312,149.7100067138672,152.17999267578125,3209200
2013-03-05,153.4499969482422,154.9600067138672,152.8000030517578,152.9600067138672,4589300
2013-03-06,154.05999755859375,155.0500030517578,152.8000030517578,154.1300048828125,3593200
2013-03-07,154.6999969482422,157.19000244140625,154.5,156.6199951171875,3886300
2013-03-08,155.88999938964844,156.22999572753906,152.00999450683594,152.97999572753906,6615000
2013-03-11,152.4499969482422,154.32000732421875,152.36000061035156,153.3000030517578,3586400
2013-03-12,153.3000030517578,153.8000030517578,150.4600067138672,151.85000610351562,3432200
2013-03-13,152.02999877929688,152.8699951171875,150.5800018310547,151.91000366210938,3356400
2013-03-14,152.27000427246094,154.33999633789062,152.16000366210938,154.02000427246094,3886600
2013-03-15,151.35000610351562,155.6300048828125,151.3000030517578,154.83999633789062,7301200
2013-03-18,152.52999877929688,153.11000061035156,150.88999938964844,151.9499969482422,3788100
2013-03-19,152.61000061035156,153.08999633789062,147.82000732421875,148.83999633789062,4726900
2013-03-20,150.02000427246094,151.47999572753906,149.25,150.1300048828125,2883800
2013-03-21,149.2899932861328,150.22000122070312,145.3699951171875,145.3800048828125,4704000
2013-03-22,146.50999450683594,147.6999969482422,145.61000061035156,146.60000610351562,3456800
2013-03-25,147.99000549316406,148.66000366210938,144.67999267578125,146.11000061035156,3775400
2013-03-26,148.2899932861328,148.33999633789062,144.8699951171875,146.5399932861328,3860400
2013-03-27,145.8800048828125,148.6300048828125,145.86000061035156,147.83999633789062,3964800
2013-03-28,148.1199951171875,149.05999755859375,147.1300048828125,147.14999389648438,3701300
2013-04-01,146.6699981689453,148.05999755859375,144.60000610351562,146.0399932861328,2581100
2013-04-02,145.27000427246094,147.49000549316406,144.77000427246094,146.67999267578125,3374100
2013-04-03,146.75999450683594,146.8699951171875,142.17999267578125,143.41000366210938,4373300
2013-04-04,143.52000427246094,144.9499969482422,142.24000549316406,142.99000549316406,3423800
2013-04-05,140.61000061035156,143.8000030517578,140.33999633789062,143.69000244140625,3864300
2013-04-08,143.8300018310547,144.1199951171875,141.83999633789062,143.82000732421875,2908700
2013-04-09,144.32000732421875,147.57000732421875,144.07000732421875,146.52000427246094,3262800
2013-04-10,147.3000030517578,149.74000549316406,147.24000549316406,149.4600067138672,3127600
2013-04-11,149.4600067138672,150.58999633789062,148.22000122070312,149.07000732421875,2951800
2013-04-12,148.39999389648438,149.60000610351562,147.00999450683594,149.1199951171875,3131400
2013-04-15,148.75,151.4499969482422,145.52999877929688,146.4600067138672,5554900
2013-04-16,148.1300048828125,148.42999267578125,142.13999938964844,144.10000610351562,8274400
2013-04-17,142.99000549316406,143.60000610351562,138.0500030517578,140.60000610351562,6361500
2013-04-18,140.08999633789062,140.89999389648438,137.4199981689453,138.60000610351562,4819700
2013-04-19,139.30999755859375,139.83999633789062,137.85000610351562,138.72000122070312,3962600
2013-04-22,139.00999450683594,139.85000610351562,137.2899932861328,139.52000427246094,3187100
2013-04-23,140.44000244140625,143.38999938964844,139.9199981689453,142.94000244140625,3698200
2013-04-24,143.27000427246094,144.4499969482422,142.9499969482422,143.92999267578125,2785200
2013-04-25,144.11000061035156,146.0500030517578,143.75,144.75999450683594,2637400
2013-04-26,144.5,145.41000366210938,143.07000732421875,144.11000061035156,2235200
2013-04-29,144.5399932861328,145.89999389648438,143.91000366210938,145.11000061035156,2715300
2013-04-30,145.19000244140625,146.5399932861328,144.55999755859375,146.07000732421875,2586300
2013-05-01,145.8300018310547,145.8300018310547,142.39999389648438,142.61000061035156,3509000
2013-05-02,142.67999267578125,143.6699981689453,140.38999938964844,143.6699981689453,4331900
2013-05-03,145.30999755859375,146.83999633789062,145.05999755859375,145.3699951171875,4018800
2013-05-06,145.9199981689453,149.5399932861328,145.63999938964844,148.4499969482422,3740400
2013-05-07,149.41000366210938,149.94000244140625,147.5500030517578,149.32000732421875,3137600
2013-05-08,149.1300048828125,150.99000549316406,148.39999389648438,150.25999450683594,3519200
2013-05-09,150.10000610351562,150.86000061035156,148.25,148.5399932861328,2819500
2013-05-10,148.57000732421875,149.17999267578125,147.5,149.10000610351562,2632400
2013-05-13,147.6699981689453,150.3300018310547,147.05999755859375,149.6300048828125,2975200
2013-05-14,149.5,154.94000244140625,149.5,154.52000427246094,5825300
2013-05-15,154.0399932861328,156.27999877929688,153.7899932861328,155.61000061035156,4177800
2013-05-16,154.72999572753906,157.49000549316406,153.9600067138672,154.47000122070312,3233800
2013-05-17,155.41000366210938,158.6999969482422,155.0,158.17999267578125,4177000
2013-05-20,157.5800018310547,160.49000549316406,157.52000427246094,158.89999389648438,4010100
2013-05-21,158.6699981689453,161.74000549316406,158.52999877929688,160.72999572753906,4077900
2013-05-22,160.61000061035156,164.47000122070312,158.52999877929688,159.33999633789062,6176200
2013-05-23,156.36000061035156,158.88999938964844,154.6199951171875,157.41000366210938,5619800
2013-05-24,155.57000732421875,158.9199981689453,155.2899932861328,158.72000122070312,3317100
2013-05-28,160.9199981689453,162.67999267578125,159.91000366210938,160.6999969482422,4471200
2013-05-29,159.74000549316406,164.1300048828125,159.41000366210938,162.8699951171875,4969100
2013-05-30,162.66000366210938,165.4499969482422,161.0,164.35000610351562,4336200
2013-05-31,163.9499969482422,165.8300018310547,162.07000732421875,162.0800018310547,4404800
2013-06-03,161.55999755859375,163.74000549316406,159.7899932861328,163.55999755859375,4557300
2013-06-04,163.4600067138672,165.74000549316406,160.5,161.67999267578125,3977300
2013-06-05,161.42999267578125,162.88999938964844,157.5500030517578,158.3000030517578,4138300
2013-06-06,158.3000030517578,159.7899932861328,156.33999633789062,159.67999267578125,3243900
2013-06-07,160.97000122070312,166.1699981689453,160.58999633789062,166.00999450683594,5690300
2013-06-10,166.6999969482422,168.1999969482422,165.2899932861328,167.49000549316406,3914200
2013-06-11,165.35000610351562,166.39999389648438,163.19000244140625,163.30999755859375,3858100
2013-06-12,164.97999572753906,164.97999572753906,161.07000732421875,161.86000061035156,3243300
2013-06-13,161.1999969482422,166.38999938964844,161.07000732421875,165.82000732421875,3768500
2013-06-14,165.74000549316406,166.11000061035156,162.91000366210938,162.9199981689453,2970600
2013-06-17,164.0800018310547,165.6699981689453,162.89999389648438,164.11000061035156,2628300
2013-06-18,164.14999389648438,164.8699951171875,163.0500030517578,164.14999389648438,2060700
2013-06-19,164.16000366210938,164.92999267578125,161.50999450683594,161.55999755859375,3557100
2013-06-20,159.14999389648438,159.99000549316406,154.83999633789062,155.41000366210938,6488600
2013-06-21,157.0,157.25999450683594,152.3000030517578,154.25,5390200
2013-06-24,151.99000549316406,152.60000610351562,148.7100067138672,150.77999877929688,4013200
2013-06-25,152.4499969482422,154.30999755859375,151.5500030517578,153.05999755859375,3274600
2013-06-26,154.47999572753906,154.55999755859375,150.75,151.66000366210938,3580400
2013-06-27,153.02999877929688,154.99000549316406,152.61000061035156,153.50999450683594,2654900
2013-06-28,152.69000244140625,152.77000427246094,151.0,151.25,3011300
2013-07-01,152.77999877929688,154.10000610351562,151.6999969482422,151.75,2496100
2013-07-02,151.16000366210938,153.19000244140625,149.89999389648438,150.9199981689453,3091600
2013-07-03,149.6199951171875,151.4199981689453,149.27999877929688,150.42999267578125,1267700
2013-07-05,152.3000030517578,153.2899932861328,151.5,153.24000549316406,2243700
2013-07-08,154.5800018310547,154.8000030517578,152.8800048828125,153.80999755859375,2699100
2013-07-09,154.99000549316406,157.44000244140625,153.1699981689453,156.94000244140625,3127100
2013-07-10,156.57000732421875,157.6199951171875,154.6699981689453,155.8300018310547,2430100
2013-07-11,158.5,159.74000549316406,156.11000061035156,157.7100067138672,2965700
2013-07-12,158.6199951171875,160.27999877929688,158.5500030517578,160.11000061035156,2844600
2013-07-15,162.8000030517578,163.38999938964844,161.16000366210938,163.0,4129900
2013-07-16,163.9199981689453,164.3000030517578,159.42999267578125,160.24000549316406,5972700
2013-07-17,159.83999633789062,161.99000549316406,159.5,161.5,3715000
2013-07-18,161.5800018310547,164.5800018310547,161.5,164.05999755859375,3462700
2013-07-19,163.75,164.85000610351562,162.5800018310547,164.36000061035156,3329700
2013-07-22,163.9499969482422,166.3300018310547,163.8800048828125,166.25,2741100
2013-07-23,166.5,167.41000366210938,165.47999572753906,166.25999450683594,2545400
2013-07-24,166.75,166.88999938964844,164.44000244140625,165.0399932861328,2548100
2013-07-25,164.27999877929688,166.0,163.69000244140625,165.91000366210938,2236200
2013-07-26,165.0500030517578,165.64999389648438,164.27000427246094,165.25999450683594,2372200
2013-07-29,164.6300048828125,164.8300018310547,162.02000427246094,163.1699981689453,2823600
2013-07-30,163.49000549316406,164.00999450683594,162.3300018310547,162.42999267578125,2553300
2013-07-31,162.52999877929688,165.97000122070312,162.42999267578125,164.02999877929688,3700300
2013-08-01,165.74000549316406,167.89999389648438,164.8800048828125,167.49000549316406,3251900
2013-08-02,166.8300018310547,167.89999389648438,166.4600067138672,167.6199951171875,1866700
2013-08-05,167.27999877929688,169.69000244140625,166.44000244140625,168.32000732421875,2618400
2013-08-06,168.07000732421875,168.27999877929688,164.47000122070312,164.77999877929688,3598500
2013-08-07,164.0,164.22999572753906,162.0500030517578,163.4499969482422,2131000
2013-08-08,164.75,166.42999267578125,162.8300018310547,162.83999633789062,2818400
2013-08-09,162.39999389648438,164.10000610351562,162.02000427246094,162.1300048828125,2012000
2013-08-12,161.72999572753906,162.3800048828125,160.5500030517578,161.69000244140625,1982000
2013-08-13,161.99000549316406,164.5500030517578,160.9499969482422,163.7100067138672,2309600
2013-08-14,163.85000610351562,164.8000030517578,162.92999267578125,163.33999633789062,1667400
2013-08-15,161.91000366210938,161.97000122070312,160.07000732421875,160.75,2206900
2013-08-16,160.27999877929688,162.2899932861328,160.02999877929688,160.66000366210938,2024300
2013-08-19,160.1699981689453,160.7899932861328,158.52999877929688,158.6300048828125,2228400
2013-08-20,158.72000122070312,160.02999877929688,157.77999877929688,159.55999755859375,2288700
2013-08-21,158.77999877929688,159.22999572753906,156.50999450683594,157.11000061035156,3053800
2013-08-22,157.80999755859375,159.66000366210938,157.1999969482422,159.41000366210938,2302700
2013-08-23,159.58999633789062,159.7899932861328,158.0,158.64999389648438,1495800
2013-08-26,158.41000366210938,160.6999969482422,157.75,157.89999389648438,1885200
2013-08-27,155.72000122070312,156.52999877929688,152.92999267578125,153.22999572753906,3672000
2013-08-28,153.0,154.14999389648438,151.4499969482422,152.97000122070312,2343200
2013-08-29,152.3699951171875,154.67999267578125,152.08999633789062,153.6300048828125,2133000
2013-08-30,153.77000427246094,153.97999572753906,151.3300018310547,152.1300048828125,2234000
2013-09-03,154.47999572753906,156.0399932861328,153.52000427246094,154.75999450683594,2464800
2013-09-04,154.75999450683594,157.25,154.35000610351562,155.74000549316406,2194200
2013-09-05,155.99000549316406,158.0500030517578,155.57000732421875,156.1699981689453,2443900
2013-09-06,156.97999572753906,157.7100067138672,153.4199981689453,156.66000366210938,2464000
2013-09-09,157.41000366210938,159.6999969482422,157.16000366210938,159.49000549316406,2150400
2013-09-10,162.97999572753906,165.52999877929688,162.55999755859375,165.13999938964844,5265900
2013-09-11,164.92999267578125,165.7899932861328,163.77999877929688,165.05999755859375,2233100
2013-09-12,164.83999633789062,165.30999755859375,163.07000732421875,163.35000610351562,2690000
2013-09-13,164.3800048828125,164.72000122070312,162.9600067138672,164.0,2231500
2013-09-16,166.30999755859375,168.57000732421875,165.19000244140625,167.02999877929688,3553100
2013-09-17,167.19000244140625,167.5800018310547,165.66000366210938,167.4199981689453,2653700
2013-09-18,166.5,169.08999633789062,165.63999938964844,168.05999755859375,3422400
2013-09-19,169.69000244140625,170.0,166.8800048828125,167.77999877929688,3534700
2013-09-20,168.0,169.75,164.02999877929688,169.75,20410100
2013-09-23,168.17999267578125,168.4600067138672,164.72000122070312,165.25,4816200
2013-09-24,165.52000427246094,166.39999389648438,162.97000122070312,162.97000122070312,3422600
2013-09-25,163.25999450683594,163.69000244140625,161.16000366210938,162.30999755859375,3614600
2013-09-26,162.89999389648438,163.92999267578125,161.0399932861328,162.2899932861328,2711400
2013-09-27,160.69000244140625,160.9499969482422,159.42999267578125,159.85000610351562,3679100
2013-09-30,157.72000122070312,159.13999938964844,156.57000732421875,158.2100067138672,2803600
2013-10-01,158.86000061035156,160.30999755859375,157.55999755859375,159.0,2465300
2013-10-02,157.69000244140625,159.5800018310547,157.52000427246094,158.6699981689453,2431000
2013-10-03,158.6300048828125,159.16000366210938,155.4600067138672,156.85000610351562,2949500
2013-10-04,157.0800018310547,157.25,156.08999633789062,156.5500030517578,2984500
2013-10-07,155.1699981689453,156.1999969482422,154.22000122070312,154.25,2618000
2013-10-08,154.6199951171875,155.85000610351562,153.0,153.0500030517578,2917200
2013-10-09,153.55999755859375,155.32000732421875,152.8300018310547,154.44000244140625,3227500
2013-10-10,156.8300018310547,158.24000549316406,156.0,158.00999450683594,3639000
2013-10-11,158.49000549316406,160.49000549316406,157.52000427246094,160.0,3124900
2013-10-14,158.22000122070312,159.9199981689453,157.5,159.4600067138672,2428100
2013-10-15,159.80999755859375,160.0399932861328,157.50999450683594,157.6300048828125,3038000
2013-10-16,158.5800018310547,162.5,157.5,162.25,3649300
2013-10-17,156.47999572753906,159.1999969482422,155.99000549316406,158.32000732421875,7522100
2013-10-18,158.83999633789062,159.6999969482422,156.67999267578125,158.69000244140625,4982100
2013-10-21,158.6699981689453,160.64999389648438,158.25,159.77000427246094,2695400
2013-10-22,160.63999938964844,160.7100067138672,158.22999572753906,159.25,3239400
2013-10-23,158.02000427246094,158.0800018310547,156.55999755859375,157.74000549316406,2735800
2013-10-24,159.4499969482422,160.35000610351562,158.8300018310547,159.9600067138672,2591000
2013-10-25,160.0,162.24000549316406,159.91000366210938,162.08999633789062,3721000
2013-10-28,162.0,162.19000244140625,160.25,161.4499969482422,3341500
2013-10-29,162.07000732421875,163.11000061035156,161.00999450683594,162.11000061035156,3702100
2013-10-30,162.55999755859375,162.97000122070312,161.14999389648438,162.0500030517578,2344200
2013-10-31,162.08999633789062,163.35000610351562,160.86000061035156,160.86000061035156,2785000
2013-11-01,161.02999877929688,162.60000610351562,160.72000122070312,162.0500030517578,2738400
2013-11-04,162.4199981689453,163.24000549316406,161.58999633789062,163.16000366210938,1711000
2013-11-05,161.6699981689453,162.6300048828125,160.77999877929688,161.9499969482422,2529400
2013-11-06,162.52999877929688,164.3000030517578,162.3300018310547,163.52000427246094,3593700
2013-11-07,164.0399932861328,164.2100067138672,159.61000061035156,159.63999938964844,3490300
2013-11-08,160.38999938964844,163.69000244140625,159.8800048828125,163.1699981689453,3856000
2013-11-11,162.5,164.75,162.16000366210938,163.83999633789062,2289000
2013-11-12,163.10000610351562,164.3800048828125,162.1300048828125,162.88999938964844,2239600
2013-11-13,161.77999877929688,163.7100067138672,161.1999969482422,162.94000244140625,3398300
2013-11-14,163.5500030517578,163.9499969482422,162.41000366210938,163.1999969482422,3648200
2013-11-15,163.17999267578125,165.4199981689453,163.17999267578125,164.39999389648438,2667200
2013-11-18,164.74000549316406,167.64999389648438,164.1999969482422,165.67999267578125,3555000
2013-11-19,165.8699951171875,168.0,165.6300048828125,166.60000610351562,2691900
2013-11-20,166.75999450683594,167.25,164.86000061035156,165.0,2793100
2013-11-21,165.25,167.32000732421875,165.00999450683594,167.07000732421875,3158500
2013-11-22,166.77000427246094,168.24000549316406,165.52999877929688,168.10000610351562,2680500
2013-11-25,168.5,170.5,168.5,169.47999572753906,3101700
2013-11-26,169.36000061035156,170.69000244140625,168.0,168.0399932861328,2953400
2013-11-27,168.0500030517578,168.80999755859375,166.8699951171875,168.22000122070312,2285300
2013-11-29,167.88999938964844,170.3800048828125,167.69000244140625,168.94000244140625,2018700
2013-12-02,169.8800048828125,171.5800018310547,168.67999267578125,169.72000122070312,3121100
2013-12-03,169.08999633789062,170.75999450683594,167.91000366210938,168.0500030517578,3288200
2013-12-04,167.30999755859375,169.92999267578125,167.30999755859375,168.6999969482422,2328200
2013-12-05,167.41000366210938,167.9600067138672,165.35000610351562,165.55999755859375,3564100
2013-12-06,167.5800018310547,167.9600067138672,164.77000427246094,167.2100067138672,2708500
2013-12-09,168.0,169.1300048828125,166.83999633789062,167.6699981689453,2589500
2013-12-10,167.8699951171875,172.1999969482422,167.52000427246094,169.72999572753906,4235400
2013-12-11,169.50999450683594,169.8300018310547,167.1300048828125,167.60000610351562,2977100
2013-12-12,166.58999633789062,168.9600067138672,166.52000427246094,168.3300018310547,2911900
2013-12-13,168.58999633789062,169.2899932861328,167.60000610351562,168.38999938964844,2490600
2013-12-16,169.30999755859375,171.49000549316406,169.08999633789062,170.9499969482422,2980000
2013-12-17,171.27000427246094,171.27000427246094,169.7100067138672,170.49000549316406,2856700
2013-12-18,171.0,174.9199981689453,169.99000549316406,174.83999633789062,4509600
2013-12-19,174.61000061035156,175.8000030517578,174.0,174.77000427246094,3094400
2013-12-20,174.66000366210938,175.7899932861328,173.75,175.16000366210938,3754300
2013-12-23,175.8800048828125,176.69000244140625,175.5,176.47000122070312,1585300
2013-12-24,176.6699981689453,176.67999267578125,175.44000244140625,176.16000366210938,781300
2013-12-26,176.60000610351562,176.75999450683594,175.17999267578125,176.4499969482422,1320100
2013-12-27,176.38999938964844,176.4499969482422,175.57000732421875,176.35000610351562,1716900
2013-12-30,176.5,177.1199951171875,175.25999450683594,175.72999572753906,1241000
2013-12-31,176.22000122070312,177.44000244140625,176.22000122070312,177.25999450683594,1663900
2014-01-02,176.9499969482422,178.3800048828125,176.36000061035156,176.88999938964844,1982100
2014-01-03,176.35000610351562,178.85000610351562,176.22000122070312,178.14999389648438,2147400
2014-01-06,179.14999389648438,181.1300048828125,178.8800048828125,179.3699951171875,2954000
2014-01-07,180.72999572753906,180.97999572753906,177.52000427246094,178.2899932861328,2734700
2014-01-08,178.5,178.89999389648438,177.25999450683594,178.44000244140625,2208600
2014-01-09,179.0800018310547,179.0800018310547,176.61000061035156,177.39999389648438,2149500
2014-01-10,177.39999389648438,178.7100067138672,177.0,178.38999938964844,2506500
2014-01-13,178.3000030517578,178.3000030517578,175.69000244140625,175.8800048828125,2823800
2014-01-14,176.25999450683594,177.5,175.7100067138672,176.60000610351562,2208800
2014-01-15,177.0,179.74000549316406,177.0,178.75,3540200
2014-01-16,178.75,178.7899932861328,174.5,175.1699981689453,4712200
2014-01-17,175.00999450683594,177.27999877929688,174.5,176.27999877929688,3451000
2014-01-21,175.10000610351562,175.58999633789062,171.33999633789062,173.1999969482422,5141200
2014-01-22,173.4499969482422,174.63999938964844,172.77999877929688,173.67999267578125,2476900
2014-01-23,172.4199981689453,172.4199981689453,169.02000427246094,170.75,3977700
2014-01-24,168.52999877929688,169.9600067138672,167.22000122070312,167.63999938964844,4156200
2014-01-27,167.0800018310547,167.60000610351562,163.42999267578125,164.69000244140625,5589600
2014-01-28,165.02999877929688,166.5500030517578,164.58999633789062,166.25,3170400
2014-01-29,163.97000122070312,166.10000610351562,163.6199951171875,163.89999389648438,3473700
2014-01-30,165.3300018310547,166.1699981689453,164.57000732421875,165.83999633789062,2829400
2014-01-31,163.8000030517578,165.97999572753906,163.3000030517578,164.1199951171875,3415500
2014-02-03,165.14999389648438,165.52000427246094,159.77000427246094,159.82000732421875,5079700
2014-02-04,160.89999389648438,162.57000732421875,159.85000610351562,161.75999450683594,3346600
2014-02-05,160.58999633789062,162.64999389648438,160.32000732421875,160.4199981689453,3212900
2014-02-06,161.16000366210938,162.0,160.10000610351562,161.75,3798000
2014-02-07,162.77999877929688,162.89999389648438,160.27000427246094,161.92999267578125,4879900
2014-02-10,161.02000427246094,161.77000427246094,160.27999877929688,161.0,4321700
2014-02-11,161.2100067138672,164.9600067138672,160.30999755859375,164.38999938964844,4996300
2014-02-12,164.5,165.22999572753906,163.22999572753906,163.5,3046600
2014-02-13,162.5500030517578,164.39999389648438,162.10000610351562,164.05999755859375,3119600
2014-02-14,163.3300018310547,164.5,162.92999267578125,163.72000122070312,3287900
2014-02-18,164.0399932861328,165.58999633789062,163.72000122070312,164.64999389648438,3399900
2014-02-19,163.91000366210938,166.17999267578125,162.97999572753906,163.25999450683594,3669700
2014-02-20,163.49000549316406,164.97000122070312,162.6699981689453,164.5,2631900
2014-02-21,164.3000030517578,165.64999389648438,164.14999389648438,164.5,2594500
2014-02-24,164.0800018310547,167.41000366210938,164.0800018310547,166.5399932861328,3242900
2014-02-25,166.11000061035156,166.3000030517578,163.16000366210938,163.47999572753906,3682300
2014-02-26,163.25999450683594,163.89999389648438,160.77000427246094,162.8000030517578,3978300
2014-02-27,162.66000366210938,165.7899932861328,162.33999633789062,165.3800048828125,3806600
2014-02-28,164.80999755859375,167.82000732421875,164.57000732421875,166.4499969482422,4291500
2014-03-03,164.22000122070312,165.30999755859375,163.66000366210938,164.74000549316406,3122900
2014-03-04,166.63999938964844,168.75999450683594,166.1999969482422,168.72999572753906,3400500
2014-03-05,168.8000030517578,172.89999389648438,168.25,171.89999389648438,4451200
2014-03-06,172.7100067138672,174.0,172.49000549316406,172.60000610351562,3403500
2014-03-07,173.97999572753906,175.58999633789062,173.11000061035156,174.25999450683594,4088900
2014-03-10,173.60000610351562,174.49000549316406,172.47000122070312,173.50999450683594,2179100
2014-03-11,173.9600067138672,173.9600067138672,169.85000610351562,169.88999938964844,3832300
2014-03-12,169.1300048828125,169.99000549316406,167.80999755859375,169.72000122070312,2550000
2014-03-13,170.47999572753906,171.24000549316406,166.57000732421875,166.6999969482422,3421400
2014-03-14,166.89999389648438,167.39999389648438,165.02999877929688,165.35000610351562,2762100
2014-03-17,166.3800048828125,168.8000030517578,166.3300018310547,166.83999633789062,3198000
2014-03-18,167.27000427246094,169.0,167.00999450683594,168.08999633789062,1941300
2014-03-19,168.49000549316406,170.16000366210938,166.8000030517578,168.17999267578125,3534100
2014-03-20,167.8800048828125,170.4499969482422,167.27000427246094,169.22000122070312,3950500
2014-03-21,169.69000244140625,170.0,166.91000366210938,166.9499969482422,4779100
2014-03-24,167.1300048828125,167.97999572753906,165.10000610351562,165.72000122070312,2723000
2014-03-25,166.58999633789062,167.4199981689453,162.8000030517578,163.25,4437500
2014-03-26,164.74000549316406,165.0,161.72000122070312,161.72999572753906,2590300
2014-03-27,161.8000030517578,163.30999755859375,160.77000427246094,162.2899932861328,3890200
2014-03-28,162.2100067138672,164.19000244140625,161.2899932861328,162.3000030517578,2630500
2014-03-31,163.22000122070312,164.13999938964844,162.22000122070312,163.85000610351562,2494300
2014-04-01,164.75999450683594,166.2899932861328,164.22000122070312,165.9199981689453,3325500
2014-04-02,165.89999389648438,167.5399932861328,165.72999572753906,167.27000427246094,2407600
2014-04-03,167.30999755859375,167.6699981689453,165.0,166.08999633789062,2337300
2014-04-04,167.00999450683594,167.0399932861328,162.85000610351562,163.24000549316406,3262500
2014-04-07,162.9499969482422,163.1999969482422,158.44000244140625,158.55999755859375,4650800
2014-04-08,158.6999969482422,158.75999450683594,155.47999572753906,156.55999755859375,6839900
2014-04-09,157.11000061035156,159.0,156.4199981689453,158.16000366210938,4010000
2014-04-10,158.41000366210938,158.8800048828125,155.80999755859375,155.97999572753906,4806600
2014-04-11,154.4499969482422,154.49000549316406,151.64999389648438,152.72000122070312,6460700
2014-04-14,154.8000030517578,155.1300048828125,153.4199981689453,154.74000549316406,3053700
2014-04-15,155.0,156.02000427246094,153.10000610351562,154.9199981689453,3639600
2014-04-16,156.33999633789062,157.2899932861328,155.1199951171875,157.22000122070312,3194200
2014-04-17,161.02999877929688,161.44000244140625,157.35000610351562,157.44000244140625,4525200
2014-04-21,157.5,158.27000427246094,156.22999572753906,157.8000030517578,4551700
2014-04-22,157.63999938964844,160.80999755859375,157.27000427246094,160.4600067138672,4547300
2014-04-23,160.25999450683594,160.94000244140625,159.27999877929688,160.4499969482422,2040600
2014-04-24,161.0399932861328,162.11000061035156,160.58999633789062,160.85000610351562,2934200
2014-04-25,160.47999572753906,160.77000427246094,157.91000366210938,158.24000549316406,3302100
2014-04-28,158.60000610351562,158.8300018310547,154.0,156.5399932861328,3897800
2014-04-29,157.02999877929688,158.3800048828125,156.63999938964844,158.24000549316406,2160500
2014-04-30,158.3800048828125,160.36000061035156,158.19000244140625,159.82000732421875,2745700
2014-05-01,159.8000030517578,161.0,159.6999969482422,160.3699951171875,2079500
2014-05-02,160.4600067138672,161.83999633789062,158.57000732421875,158.8800048828125,2561500
2014-05-05,156.5,156.89999389648438,154.52000427246094,156.35000610351562,3015700
2014-05-06,155.85000610351562,155.85000610351562,154.17999267578125,154.5399932861328,3073100
2014-05-07,155.41000366210938,156.30999755859375,153.7100067138672,155.52000427246094,3260900
2014-05-08,155.75999450683594,158.22000122070312,155.1999969482422,157.39999389648438,2719600
2014-05-09,157.57000732421875,157.89999389648438,155.67999267578125,157.1999969482422,2637000
2014-05-12,157.91000366210938,159.9499969482422,157.91000366210938,159.5500030517578,2256100
2014-05-13,159.55999755859375,160.89999389648438,159.1300048828125,160.27999877929688,1901500
2014-05-14,160.1999969482422,160.88999938964844,159.27999877929688,159.4499969482422,2128700
2014-05-15,158.69000244140625,158.9600067138672,155.9199981689453,156.63999938964844,2769300
2014-05-16,155.61000061035156,156.97000122070312,154.83999633789062,156.42999267578125,2845600
2014-05-19,156.25,157.99000549316406,156.00999450683594,157.6699981689453,1618000
2014-05-20,157.47999572753906,157.91000366210938,155.61000061035156,156.35000610351562,2034900
2014-05-21,157.16000366210938,159.75,157.1300048828125,159.35000610351562,4226300
2014-05-22,158.9499969482422,160.3000030517578,158.64999389648438,159.85000610351562,1645100
2014-05-23,159.91000366210938,160.47999572753906,159.50999450683594,160.16000366210938,1210200
2014-05-27,161.1199951171875,163.42999267578125,160.5800018310547,161.77000427246094,3248800
2014-05-28,160.91000366210938,161.61000061035156,159.77999877929688,161.19000244140625,1855200
2014-05-29,161.13999938964844,162.0,159.6199951171875,160.74000549316406,1779200
2014-05-30,160.4199981689453,160.63999938964844,159.16000366210938,159.80999755859375,2206300
2014-06-02,159.77999877929688,160.1999969482422,157.91000366210938,160.02999877929688,2162500
2014-06-03,159.85000610351562,161.92999267578125,159.27999877929688,161.8000030517578,2408600
2014-06-04,161.44000244140625,162.72999572753906,160.86000061035156,162.38999938964844,2098400
2014-06-05,162.72000122070312,163.42999267578125,161.55999755859375,162.5800018310547,1859600
2014-06-06,162.89999389648438,166.25999450683594,162.89999389648438,166.19000244140625,3478100
2014-06-09,166.0399932861328,166.86000061035156,165.63999938964844,166.0,2377500
2014-06-10,165.86000061035156,167.25999450683594,165.47999572753906,166.36000061035156,1684500
2014-06-11,165.08999633789062,166.16000366210938,164.69000244140625,165.42999267578125,2004100
2014-06-12,165.75999450683594,166.64999389648438,165.02000427246094,165.9600067138672,2309900
2014-06-13,166.1699981689453,167.07000732421875,165.4199981689453,165.88999938964844,1761100
2014-06-16,165.52000427246094,166.52999877929688,164.4499969482422,165.85000610351562,1756400
2014-06-17,165.63999938964844,168.75,165.4499969482422,168.22000122070312,2450000
2014-06-18,167.88999938964844,170.10000610351562,167.2899932861328,169.86000061035156,2873200
2014-06-19,170.0,170.16000366210938,168.92999267578125,169.72999572753906,2306900
2014-06-20,170.32000732421875,171.0800018310547,169.4199981689453,169.83999633789062,4688200
2014-06-23,170.17999267578125,170.6199951171875,169.2100067138672,170.24000549316406,1738500
2014-06-24,169.5500030517578,170.5500030517578,167.9499969482422,168.22999572753906,1608000
2014-06-25,167.82000732421875,169.02000427246094,167.39999389648438,168.3800048828125,1601200
2014-06-26,167.0,168.11000061035156,166.3699951171875,168.00999450683594,2131200
2014-06-27,167.25,167.64999389648438,166.3699951171875,166.77999877929688,3111200
2014-06-30,166.8699951171875,167.91000366210938,166.3699951171875,167.44000244140625,1885200
2014-07-01,166.35000610351562,168.27000427246094,166.05999755859375,166.80999755859375,2947800
2014-07-02,167.0,167.80999755859375,166.57000732421875,166.88999938964844,1877600
2014-07-03,167.8300018310547,169.89999389648438,167.72000122070312,169.4600067138672,1801200
2014-07-07,168.97000122070312,168.97000122070312,166.89999389648438,167.77999877929688,1774000
2014-07-08,166.74000549316406,166.77999877929688,163.72999572753906,164.91000366210938,2422200
2014-07-09,165.24000549316406,165.3300018310547,163.6300048828125,164.6699981689453,1943800
2014-07-10,162.22000122070312,163.77999877929688,161.52999877929688,163.4199981689453,2204100
2014-07-11,163.02000427246094,165.13999938964844,162.3800048828125,164.8000030517578,2293300
2014-07-14,167.17999267578125,167.72000122070312,166.4600067138672,167.0,3007700
2014-07-15,169.6999969482422,170.14999389648438,167.14999389648438,169.1699981689453,4802300
2014-07-16,169.1999969482422,170.99000549316406,169.0,170.47000122070312,3295100
2014-07-17,170.2100067138672,171.60000610351562,168.9199981689453,170.13999938964844,3815500
2014-07-18,170.41000366210938,171.7899932861328,169.64999389648438,171.47000122070312,2558600
2014-07-21,170.1699981689453,172.10000610351562,170.0500030517578,171.72000122070312,2227400
2014-07-22,172.3800048828125,175.3800048828125,172.3800048828125,175.02000427246094,3849500
2014-07-23,175.2100067138672,177.22000122070312,174.6300048828125,176.82000732421875,3436100
2014-07-24,176.8000030517578,177.32000732421875,175.61000061035156,176.25999450683594,2012800
2014-07-25,175.91000366210938,176.4600067138672,174.72000122070312,175.39999389648438,2114900
2014-07-28,175.0,176.4600067138672,174.6699981689453,175.9499969482422,2303400
2014-07-29,176.1699981689453,177.11000061035156,175.4499969482422,175.5399932861328,3055600
2014-07-30,175.9600067138672,177.47999572753906,175.36000061035156,175.75999450683594,2345600
2014-07-31,174.44000244140625,175.27000427246094,172.7899932861328,172.8699951171875,3797600
2014-08-01,172.3800048828125,172.75999450683594,169.39999389648438,170.25,3140000
2014-08-04,170.57000732421875,171.88999938964844,170.0500030517578,171.69000244140625,2103900
2014-08-05,171.3000030517578,171.77000427246094,168.88999938964844,169.4199981689453,2746200
2014-08-06,168.14999389648438,170.85000610351562,168.02000427246094,169.74000549316406,1711700
2014-08-07,170.3000030517578,171.07000732421875,168.74000549316406,169.10000610351562,1920900
2014-08-08,169.35000610351562,172.49000549316406,168.67999267578125,172.25999450683594,2250900
2014-08-11,172.75,173.41000366210938,171.6199951171875,172.4600067138672,2098000
2014-08-12,171.77999877929688,173.11000061035156,171.3800048828125,172.3300018310547,1362900
2014-08-13,172.39999389648438,172.88999938964844,171.27000427246094,172.3699951171875,1708200
2014-08-14,172.8000030517578,173.10000610351562,171.69000244140625,172.72999572753906,1431400
2014-08-15,172.83999633789062,174.60000610351562,171.44000244140625,171.89999389648438,2446000
2014-08-18,173.25,174.6300048828125,172.6999969482422,174.5500030517578,1877700
2014-08-19,174.91000366210938,175.10000610351562,173.6300048828125,173.9600067138672,1916100
2014-08-20,173.27000427246094,174.17999267578125,172.60000610351562,174.02999877929688,1755100
2014-08-21,174.24000549316406,175.9199981689453,173.44000244140625,175.14999389648438,2075200
2014-08-22,175.35000610351562,176.97999572753906,174.8300018310547,175.47000122070312,2682000
2014-08-25,176.7100067138672,179.86000061035156,176.4600067138672,177.8699951171875,3063500
2014-08-26,178.47000122070312,179.14999389648438,177.80999755859375,177.89999389648438,3110600
2014-08-27,178.36000061035156,178.36000061035156,177.00999450683594,177.80999755859375,2073700
2014-08-28,177.0500030517578,177.75,175.88999938964844,177.64999389648438,1961800
2014-08-29,178.32000732421875,179.5,177.85000610351562,179.11000061035156,2560600
2014-09-02,179.25999450683594,180.22000122070312,178.3800048828125,179.77000427246094,1986300
2014-09-03,180.47999572753906,182.07000732421875,179.42999267578125,179.60000610351562,2397700
2014-09-04,179.92999267578125,181.60000610351562,179.5500030517578,180.0800018310547,1678500
2014-09-05,179.5800018310547,179.91000366210938,177.8800048828125,179.75,2562800
2014-09-08,179.5800018310547,180.9199981689453,179.22000122070312,180.11000061035156,1746400
2014-09-09,177.92999267578125,178.63999938964844,176.6199951171875,177.39999389648438,2598500
2014-09-10,178.3300018310547,180.17999267578125,178.1199951171875,179.8699951171875,2457800
2014-09-11,178.77000427246094,181.44000244140625,178.5,181.0,1905300
2014-09-12,180.6300048828125,183.47000122070312,180.6300048828125,183.1699981689453,3358600
2014-09-15,182.91000366210938,184.39999389648438,182.50999450683594,183.97999572753906,2308000
2014-09-16,183.89999389648438,184.55999755859375,182.8000030517578,184.0399932861328,2137600
2014-09-17,183.82000732421875,185.77000427246094,183.4600067138672,184.82000732421875,2820300
2014-09-18,185.8300018310547,188.42999267578125,185.5,187.88999938964844,3566600
2014-09-19,188.25999450683594,188.5800018310547,185.8800048828125,186.1999969482422,5442900
2014-09-22,186.0,186.9499969482422,185.10000610351562,185.2899932861328,1826100
2014-09-23,184.57000732421875,186.86000061035156,184.57000732421875,185.08999633789062,1977600
2014-09-24,185.25999450683594,188.1199951171875,184.47000122070312,187.80999755859375,2834200
2014-09-25,187.4600067138672,187.8000030517578,183.4600067138672,184.08999633789062,3074600
2014-09-26,184.75,185.60000610351562,183.22000122070312,185.1199951171875,1932500
2014-09-29,183.11000061035156,184.55999755859375,182.1999969482422,183.8300018310547,1745400
2014-09-30,184.41000366210938,184.99000549316406,182.67999267578125,183.57000732421875,2037700
2014-10-01,183.19000244140625,183.85000610351562,180.3300018310547,180.6999969482422,4196300
2014-10-02,180.60000610351562,183.42999267578125,180.58999633789062,182.8800048828125,2782600
2014-10-03,184.61000061035156,188.5399932861328,184.57000732421875,188.07000732421875,3271400
2014-10-06,189.07000732421875,189.5,187.14999389648438,187.47999572753906,1934800
2014-10-07,186.55999755859375,186.55999755859375,183.6199951171875,183.8000030517578,2927100
2014-10-08,184.02999877929688,187.0,182.14999389648438,186.63999938964844,3154500
2014-10-09,185.82000732421875,186.1699981689453,180.75,181.27000427246094,4892900
2014-10-10,181.57000732421875,182.9499969482422,180.05999755859375,180.3800048828125,4405600
2014-10-13,181.0,183.19000244140625,178.5,178.77000427246094,3436500
2014-10-14,179.47999572753906,181.7899932861328,177.77000427246094,178.6999969482422,3557200
2014-10-15,176.49000549316406,177.9499969482422,171.52000427246094,177.24000549316406,6330500
2014-10-16,172.02000427246094,176.2899932861328,171.25999450683594,172.5800018310547,7797500
2014-10-17,175.8000030517578,177.5399932861328,175.10000610351562,176.91000366210938,4951000
2014-10-20,176.22000122070312,178.0,175.82000732421875,177.83999633789062,2307900
2014-10-21,179.22000122070312,180.36000061035156,178.36000061035156,180.17999267578125,2649500
2014-10-22,180.5500030517578,180.8000030517578,176.8300018310547,176.8300018310547,3088300
2014-10-23,178.8000030517578,181.10000610351562,178.7100067138672,180.05999755859375,3397000
2014-10-24,180.27000427246094,183.49000549316406,180.00999450683594,183.35000610351562,2900900
2014-10-27,182.86000061035156,184.16000366210938,182.30999755859375,183.91000366210938,2383700
2014-10-28,184.16000366210938,186.32000732421875,183.1999969482422,186.32000732421875,3027700
2014-10-29,186.08999633789062,187.30999755859375,185.38999938964844,186.0800018310547,3379000
2014-10-30,185.47999572753906,187.10000610351562,185.1699981689453,186.97000122070312,2794800
2014-10-31,189.24000549316406,190.0,188.1199951171875,189.99000549316406,3357000
2014-11-03,190.35000610351562,191.97999572753906,189.75,190.8300018310547,2298100
2014-11-04,190.47000122070312,190.97000122070312,188.82000732421875,190.27000427246094,2027300
2014-11-05,191.5800018310547,191.8699951171875,189.61000061035156,189.83999633789062,3141100
2014-11-06,190.3800048828125,191.44000244140625,189.77999877929688,191.0,1915400
2014-11-07,191.25,191.47999572753906,189.3000030517578,190.7100067138672,1981400
2014-11-10,190.50999450683594,191.8699951171875,190.50999450683594,191.8000030517578,1553900
2014-11-11,191.80999755859375,192.67999267578125,190.52999877929688,191.8800048828125,1620100
2014-11-12,190.66000366210938,190.88999938964844,189.3300018310547,190.17999267578125,2322200
2014-11-13,190.83999633789062,191.19000244140625,189.1999969482422,190.24000549316406,1749600
2014-11-14,190.36000061035156,190.83999633789062,189.6199951171875,189.97999572753906,1691600
2014-11-17,189.52000427246094,191.19000244140625,189.22000122070312,189.92999267578125,1593400
2014-11-18,189.6199951171875,190.66000366210938,189.58999633789062,189.63999938964844,1810300
2014-11-19,189.7100067138672,189.99000549316406,188.19000244140625,189.19000244140625,2260100
2014-11-20,187.82000732421875,189.86000061035156,187.5500030517578,189.75,2850000
2014-11-21,191.52000427246094,191.66000366210938,189.3699951171875,189.58999633789062,2367900
2014-11-24,190.13999938964844,190.88999938964844,189.6699981689453,190.07000732421875,2028800
2014-11-25,190.5,190.5,188.1999969482422,188.86000061035156,3677900
2014-11-26,189.9199981689453,189.9199981689453,187.72999572753906,188.52000427246094,2024000
2014-11-28,188.39999389648438,189.49000549316406,188.1199951171875,188.41000366210938,1195200
2014-12-01,188.0,188.6199951171875,185.58999633789062,188.1999969482422,2469000
2014-12-02,189.30999755859375,190.94000244140625,188.80999755859375,190.19000244140625,3116100
2014-12-03,189.75,191.82000732421875,189.3300018310547,190.9499969482422,3049600
2014-12-04,190.77999877929688,192.33999633789062,189.9600067138672,191.9499969482422,3123400
2014-12-05,192.72000122070312,196.92999267578125,192.5399932861328,195.4499969482422,3625500
2014-12-08,195.4499969482422,198.05999755859375,194.50999450683594,196.6199951171875,2715000
2014-12-09,193.69000244140625,197.22000122070312,192.89999389648438,196.88999938964844,4568400
2014-12-10,195.47999572753906,195.99000549316406,191.60000610351562,192.0,6506700
2014-12-11,193.0,194.94000244140625,192.5,193.5399932861328,3179500
2014-12-12,191.7100067138672,192.63999938964844,188.07000732421875,188.82000732421875,3838900
2014-12-15,190.24000549316406,190.80999755859375,185.41000366210938,185.5399932861328,4729100
2014-12-16,183.9600067138672,186.92999267578125,182.39999389648438,183.30999755859375,4181900
2014-12-17,184.11000061035156,186.5,183.6300048828125,185.02999877929688,5074800
2014-12-18,188.0,191.66000366210938,187.80999755859375,191.61000061035156,4209600
2014-12-19,192.25999450683594,195.0,192.02999877929688,193.27999877929688,4798200
2014-12-22,193.9199981689453,194.5,192.75999450683594,194.44000244140625,3056400
2014-12-23,195.33999633789062,196.10000610351562,194.72999572753906,195.5,2346100
2014-12-24,196.61000061035156,196.75,195.00999450683594,195.88999938964844,694200
2014-12-26,196.08999633789062,196.49000549316406,195.39999389648438,195.4499969482422,1016300
2014-12-29,195.57000732421875,196.9600067138672,194.82000732421875,196.19000244140625,1219900
2014-12-30,195.5,196.5,194.5800018310547,195.7100067138672,1136200
2014-12-31,196.64999389648438,196.8300018310547,193.77000427246094,193.8300018310547,1566800
2015-01-02,195.3000030517578,195.72999572753906,192.6999969482422,194.41000366210938,1877700
2015-01-05,193.05999755859375,194.0399932861328,187.47999572753906,188.33999633789062,3413200
2015-01-06,188.3000030517578,188.66000366210938,183.92999267578125,184.52999877929688,3429200
2015-01-07,186.85000610351562,187.99000549316406,185.77000427246094,187.27999877929688,1896800
2015-01-08,189.35000610351562,190.82000732421875,189.25,190.27000427246094,1962500
2015-01-09,190.47999572753906,191.30999755859375,186.9600067138672,187.35000610351562,1980700
2015-01-12,187.36000061035156,187.52999877929688,184.11000061035156,185.07000732421875,2084200
2015-01-13,186.5800018310547,189.3800048828125,183.3699951171875,184.92999267578125,2745300
2015-01-14,181.17999267578125,182.50999450683594,178.10000610351562,180.22999572753906,5204700
2015-01-15,180.17999267578125,181.60000610351562,177.5,178.49000549316406,3146000
2015-01-16,176.72999572753906,180.10000610351562,174.05999755859375,177.22999572753906,5124100
2015-01-20,177.57000732421875,178.3300018310547,174.22999572753906,175.6300048828125,3606600
2015-01-21,174.5500030517578,178.38999938964844,172.82000732421875,177.14999389648438,3737000
2015-01-22,178.80999755859375,182.58999633789062,177.25,182.0399932861328,6228200
2015-01-23,181.42999267578125,182.97999572753906,180.4199981689453,180.49000549316406,3123800
2015-01-26,178.72000122070312,180.99000549316406,178.05999755859375,180.4199981689453,2736500
2015-01-27,177.24000549316406,178.63999938964844,176.3000030517578,176.49000549316406,3335600
2015-01-28,177.72999572753906,177.97000122070312,172.97000122070312,173.0500030517578,3017300
2015-01-29,173.17999267578125,176.3000030517578,173.07000732421875,175.99000549316406,2421400
2015-01-30,174.1300048828125,175.69000244140625,172.32000732421875,172.41000366210938,3037400
2015-02-02,172.99000549316406,175.60000610351562,172.25999450683594,175.49000549316406,2975300
2015-02-03,176.00999450683594,180.47999572753906,175.91000366210938,180.24000549316406,3766900
2015-02-04,178.72000122070312,180.7100067138672,178.52999877929688,178.77999877929688,2980500
2015-02-05,179.44000244140625,181.60000610351562,179.22999572753906,180.77000427246094,2434400
2015-02-06,182.0500030517578,184.6199951171875,181.13999938964844,183.42999267578125,3250900
2015-02-09,181.69000244140625,182.9499969482422,181.14999389648438,182.22000122070312,2421900
2015-02-10,183.35000610351562,184.8000030517578,182.35000610351562,184.55999755859375,2556300
2015-02-11,184.07000732421875,188.19000244140625,183.75,187.64999389648438,4079600
2015-02-12,188.25,190.0,187.39999389648438,189.77999877929688,3086700
2015-02-13,189.8699951171875,191.3300018310547,188.33999633789062,189.0,2720400
2015-02-17,188.77999877929688,190.6300048828125,188.30999755859375,190.02000427246094,2123300
2015-02-18,189.5399932861328,190.0399932861328,187.82000732421875,188.6699981689453,1850700
2015-02-19,187.67999267578125,189.85000610351562,187.27000427246094,189.11000061035156,1470400
2015-02-20,188.35000610351562,191.63999938964844,187.0500030517578,191.50999450683594,2317100
2015-02-23,190.74000549316406,190.74000549316406,189.27000427246094,190.30999755859375,1691100
2015-02-24,190.02999877929688,193.27999877929688,189.67999267578125,192.22000122070312,2627300
2015-02-25,191.5500030517578,192.4499969482422,190.4600067138672,191.72000122070312,2775700
2015-02-26,190.50999450683594,192.47000122070312,190.0,192.1999969482422,2449300
2015-02-27,191.19000244140625,192.5,189.7899932861328,189.7899932861328,2572400
2015-03-02,190.0,191.9199981689453,189.77999877929688,191.7899932861328,1659400
2015-03-03,190.6999969482422,192.8699951171875,190.57000732421875,191.27000427246094,1487800
2015-03-04,190.35000610351562,190.82000732421875,188.97999572753906,189.6699981689453,1648500
2015-03-05,190.1300048828125,190.72000122070312,189.07000732421875,190.0800018310547,1330100
2015-03-06,187.5800018310547,191.39999389648438,186.5800018310547,186.91000366210938,4103600
2015-03-09,187.3000030517578,188.7899932861328,186.57000732421875,187.92999267578125,2233700
2015-03-10,185.58999633789062,186.13999938964844,182.7100067138672,182.7100067138672,2768500
2015-03-11,183.3000030517578,185.83999633789062,183.00999450683594,184.17999267578125,2098600
2015-03-12,185.94000244140625,190.0,185.94000244140625,189.9499969482422,3114800
2015-03-13,188.8699951171875,189.74000549316406,186.16000366210938,189.33999633789062,3095100
2015-03-16,190.0399932861328,192.49000549316406,189.89999389648438,191.89999389648438,2127700
2015-03-17,190.97000122070312,191.24000549316406,188.8000030517578,190.57000732421875,1883200
2015-03-18,189.6699981689453,193.0399932861328,189.1999969482422,192.32000732421875,2790100
2015-03-19,191.75999450683594,191.75999450683594,189.08999633789062,189.97000122070312,2097100
2015-03-20,190.47000122070312,193.9199981689453,189.89999389648438,193.1300048828125,3473800
2015-03-23,193.27000427246094,194.25,191.9600067138672,191.9600067138672,1590500
2015-03-24,191.94000244140625,192.50999450683594,191.16000366210938,191.27999877929688,1799100
2015-03-25,191.0800018310547,191.22999572753906,187.35000610351562,187.35000610351562,2542000
2015-03-26,186.52000427246094,187.97000122070312,185.02000427246094,187.24000549316406,2377200
2015-03-27,187.19000244140625,188.47999572753906,186.27000427246094,188.05999755859375,1539600
2015-03-30,189.24000549316406,192.0,189.19000244140625,191.02000427246094,2403800
2015-03-31,190.33999633789062,190.5500030517578,187.97000122070312,187.97000122070312,2146600
2015-04-01,187.94000244140625,192.3300018310547,186.9600067138672,192.22999572753906,4031400
2015-04-02,191.72999572753906,192.72999572753906,190.85000610351562,191.5500030517578,2296300
2015-04-06,190.17999267578125,192.63999938964844,188.9499969482422,192.0500030517578,1997000
2015-04-07,192.52000427246094,193.63999938964844,192.24000549316406,192.38999938964844,1778000
2015-04-08,193.0399932861328,193.85000610351562,192.1999969482422,192.55999755859375,1997300
2015-04-09,192.86000061035156,195.08999633789062,192.41000366210938,194.88999938964844,1986500
2015-04-10,194.64999389648438,195.86000061035156,194.08999633789062,195.63999938964844,1764800
2015-04-13,195.32000732421875,197.3800048828125,194.77000427246094,195.5800018310547,2196100
2015-04-14,196.97999572753906,198.49000549316406,195.7100067138672,197.72000122070312,3267400
2015-04-15,198.2100067138672,202.13999938964844,197.38999938964844,201.10000610351562,5066100
2015-04-16,202.6999969482422,202.8699951171875,198.6999969482422,200.2100067138672,5976900
2015-04-17,197.83999633789062,198.25,195.64999389648438,197.35000610351562,4578400
2015-04-20,199.07000732421875,199.60000610351562,197.9199981689453,198.10000610351562,2616600
2015-04-21,198.97000122070312,199.5,196.5800018310547,196.83999633789062,1868300
2015-04-22,197.91000366210938,199.16000366210938,196.57000732421875,198.32000732421875,1938100
2015-04-23,198.16000366210938,200.49000549316406,197.60000610351562,199.30999755859375,2053400
2015-04-24,199.0,199.10000610351562,197.4499969482422,197.99000549316406,1445700
2015-04-27,198.75999450683594,199.30999755859375,196.3699951171875,196.52000427246094,1767100
2015-04-28,196.1999969482422,197.61000061035156,194.39999389648438,197.49000549316406,1909400
2015-04-29,195.7899932861328,199.72999572753906,195.47999572753906,198.55999755859375,2480600
2015-04-30,198.39999389648438,199.75,195.39999389648438,196.4199981689453,2732800
2015-05-01,198.4499969482422,198.57000732421875,196.8300018310547,197.52999877929688,2029500
2015-05-04,198.25999450683594,199.72000122070312,197.89999389648438,199.3000030517578,1581600
2015-05-05,198.30999755859375,200.38999938964844,196.72000122070312,197.2899932861328,2287500
2015-05-06,197.75,198.58999633789062,194.00999450683594,196.25,2433700
2015-05-07,196.25999450683594,197.9499969482422,194.80999755859375,197.38999938964844,1795300
2015-05-08,199.10000610351562,201.33999633789062,199.10000610351562,200.5,3192500
2015-05-11,200.2899932861328,201.9499969482422,200.2899932861328,201.72999572753906,1966700
2015-05-12,200.47999572753906,201.0399932861328,198.07000732421875,200.52999877929688,2247500
2015-05-13,200.47000122070312,201.75,199.85000610351562,201.42999267578125,2143300
2015-05-14,202.3300018310547,202.8800048828125,201.42999267578125,202.6199951171875,1957000
2015-05-15,202.5500030517578,202.97000122070312,201.82000732421875,202.97000122070312,1742900
2015-05-18,202.64999389648438,205.17999267578125,202.63999938964844,204.66000366210938,2164600
2015-05-19,204.99000549316406,206.1999969482422,204.5500030517578,205.39999389648438,2370100
2015-05-20,205.1699981689453,205.9600067138672,204.14999389648438,205.0800018310547,1831200
2015-05-21,204.60000610351562,205.2100067138672,204.17999267578125,204.9499969482422,2225000
2015-05-22,204.66000366210938,208.25999450683594,204.6300048828125,207.8000030517578,3040400
2015-05-26,207.52000427246094,207.52000427246094,205.0,206.3800048828125,3336300
2015-05-27,206.88999938964844,209.67999267578125,205.8699951171875,209.05999755859375,3011500
2015-05-28,208.0800018310547,208.58999633789062,207.27999877929688,208.47999572753906,3084900
2015-05-29,208.22999572753906,208.27000427246094,205.6199951171875,206.19000244140625,2255500
2015-06-01,207.32000732421875,208.82000732421875,206.88999938964844,207.80999755859375,2088200
2015-06-02,206.85000610351562,207.83999633789062,205.64999389648438,206.42999267578125,2230700
2015-06-03,207.52000427246094,210.1699981689453,206.77000427246094,208.2899932861328,2417000
2015-06-04,207.60000610351562,210.05999755859375,207.0,208.8699951171875,3462500
2015-06-05,210.6999969482422,211.94000244140625,208.5500030517578,210.4499969482422,3225100
2015-06-08,211.14999389648438,211.6999969482422,209.4499969482422,209.7899932861328,2180700
2015-06-09,210.0,210.44000244140625,207.6199951171875,209.02000427246094,2278800
2015-06-10,209.72000122070312,213.39999389648438,209.36000061035156,213.1300048828125,2677300
2015-06-11,213.1699981689453,214.61000061035156,212.8699951171875,213.94000244140625,2024100
2015-06-12,213.47999572753906,214.00999450683594,212.00999450683594,213.05999755859375,2006200
2015-06-15,210.88999938964844,212.33999633789062,210.3800048828125,211.75999450683594,1903800
2015-06-16,211.85000610351562,213.57000732421875,211.1300048828125,213.55999755859375,1954200
2015-06-17,213.58999633789062,214.5,212.57000732421875,212.92999267578125,1778400
2015-06-18,213.4499969482422,215.00999450683594,212.00999450683594,214.60000610351562,2167200
2015-06-19,214.1199951171875,215.0,213.19000244140625,213.19000244140625,4163400
2015-06-22,215.05999755859375,216.80999755859375,215.0,216.50999450683594,2006100
2015-06-23,216.9199981689453,218.77000427246094,216.63999938964844,218.39999389648438,2735600
2015-06-24,216.1999969482422,217.0,213.6999969482422,214.42999267578125,3945200
2015-06-25,215.14999389648438,215.8000030517578,212.49000549316406,212.82000732421875,2434700
2015-06-26,213.6199951171875,214.61000061035156,212.5500030517578,213.1699981689453,2762600
2015-06-29,210.13999938964844,211.22000122070312,207.64999389648438,207.64999389648438,3292800
2015-06-30,209.88999938964844,210.7899932861328,208.14999389648438,208.7899932861328,4167300
2015-07-01,211.6300048828125,212.49000549316406,208.9499969482422,209.94000244140625,2820300
2015-07-02,209.94000244140625,210.6300048828125,208.5,209.1999969482422,1816600
2015-07-06,206.7100067138672,208.52999877929688,206.25999450683594,208.0399932861328,2816800
2015-07-07,207.97999572753906,208.97000122070312,203.1999969482422,208.2100067138672,3304200
2015-07-08,206.3000030517578,206.7899932861328,203.6999969482422,204.05999755859375,2185100
2015-07-09,207.1300048828125,207.5500030517578,204.44000244140625,204.80999755859375,2256200
2015-07-10,207.72000122070312,207.97999572753906,206.17999267578125,207.19000244140625,1840600
2015-07-13,209.44000244140625,210.30999755859375,208.64999389648438,210.1199951171875,2041700
2015-07-14,210.00999450683594,212.75999450683594,209.6999969482422,212.16000366210938,2090700
2015-07-15,213.5399932861328,213.61000061035156,211.42999267578125,212.9600067138672,2536700
2015-07-16,211.38999938964844,214.13999938964844,209.32000732421875,211.17999267578125,4405200
2015-07-17,210.75999450683594,212.8000030517578,209.7899932861328,212.4600067138672,2849000
2015-07-20,212.67999267578125,214.0,211.2100067138672,212.38999938964844,2175400
2015-07-21,211.97999572753906,212.8000030517578,210.75,211.5,1985300
2015-07-22,211.8000030517578,213.72000122070312,211.75,213.25,2301300
2015-07-23,213.66000366210938,214.61000061035156,210.6999969482422,211.0500030517578,2192700
2015-07-24,211.4499969482422,211.4499969482422,206.89999389648438,207.35000610351562,2453900
2015-07-27,205.4499969482422,205.83999633789062,203.5,205.02000427246094,2910500
2015-07-28,207.13999938964844,207.17999267578125,204.60000610351562,206.24000549316406,2018100
2015-07-29,206.57000732421875,208.1300048828125,205.6699981689453,206.83999633789062,1987300
2015-07-30,206.02999877929688,207.35000610351562,205.10000610351562,207.1999969482422,1342900
2015-07-31,207.39999389648438,207.47000122070312,204.89999389648438,205.07000732421875,1644000
2015-08-03,205.75,205.9499969482422,202.83999633789062,204.69000244140625,2075500
2015-08-04,205.00999450683594,207.14999389648438,204.8000030517578,205.1699981689453,1451500
2015-08-05,206.94000244140625,207.77999877929688,204.92999267578125,205.6999969482422,1535500
2015-08-06,206.0,206.6999969482422,204.3000030517578,205.08999633789062,1485800
2015-08-07,205.3000030517578,206.63999938964844,202.32000732421875,203.44000244140625,1691100
2015-08-10,204.58999633789062,206.57000732421875,204.33999633789062,205.97000122070312,1640300
2015-08-11,203.5,203.9199981689453,200.66000366210938,201.6999969482422,2554000
2015-08-12,199.89999389648438,201.5500030517578,196.5800018310547,201.1300048828125,2771900
2015-08-13,200.72000122070312,201.9499969482422,199.5800018310547,200.74000549316406,3353600
2015-08-14,200.8300018310547,202.5500030517578,200.74000549316406,202.02000427246094,3567100
2015-08-17,201.00999450683594,202.86000061035156,199.77999877929688,202.57000732421875,1600700
2015-08-18,202.1199951171875,203.10000610351562,201.17999267578125,201.17999267578125,1665400
2015-08-19,200.02000427246094,202.75,199.13999938964844,200.9499969482422,2721400
2015-08-20,198.42999267578125,199.22000122070312,196.75,196.75,3140000
2015-08-21,193.66000366210938,194.60000610351562,187.5800018310547,187.74000549316406,5406200
2015-08-24,178.4600067138672,186.88999938964844,172.10000610351562,179.4600067138672,7183600
2015-08-25,185.88999938964844,187.3300018310547,177.7100067138672,178.22000122070312,7204800
2015-08-26,183.0399932861328,185.05999755859375,179.11000061035156,184.39999389648438,5561800
2015-08-27,186.80999755859375,189.86000061035156,185.42999267578125,189.2100067138672,3798500
2015-08-28,187.58999633789062,188.85000610351562,186.25999450683594,187.75,2413100
2015-08-31,187.69000244140625,190.25,187.17999267578125,188.60000610351562,2858000
2015-09-01,184.24000549316406,186.47000122070312,181.0800018310547,182.1199951171875,5494500
2015-09-02,184.8699951171875,185.82000732421875,182.50999450683594,184.50999450683594,3043800
2015-09-03,185.0,187.88999938964844,184.27999877929688,185.05999755859375,2902200
2015-09-04,182.25999450683594,182.8300018310547,179.1300048828125,180.3800048828125,4295600
2015-09-08,183.91000366210938,186.30999755859375,183.64999389648438,185.8800048828125,3060100
2015-09-09,189.5500030517578,191.75,185.25999450683594,185.67999267578125,4756800
2015-09-10,185.4499969482422,187.82000732421875,184.77000427246094,185.91000366210938,3042600
2015-09-11,185.42999267578125,185.82000732421875,183.32000732421875,185.27000427246094,2536800
2015-09-14,185.60000610351562,185.86000061035156,183.3000030517578,183.94000244140625,2746000
2015-09-15,184.77999877929688,188.02000427246094,184.19000244140625,187.4499969482422,3092800
2015-09-16,187.9600067138672,189.3000030517578,186.58999633789062,188.63999938964844,2717800
2015-09-17,188.4499969482422,190.57000732421875,186.0,186.4499969482422,3712600
2015-09-18,183.1999969482422,183.3800048828125,180.5500030517578,180.94000244140625,6529900
2015-09-21,183.3000030517578,184.41000366210938,181.6999969482422,183.35000610351562,2947200
2015-09-22,180.88999938964844,181.0,178.00999450683594,179.72000122070312,4166900
2015-09-23,179.80999755859375,180.19000244140625,177.75,179.41000366210938,2732600
2015-09-24,177.66000366210938,177.97999572753906,174.82000732421875,176.91000366210938,3910000
2015-09-25,179.1999969482422,181.11000061035156,178.16000366210938,179.8300018310547,3026500
2015-09-28,178.4600067138672,178.4600067138672,172.75,173.02000427246094,3898500
2015-09-29,173.00999450683594,173.3000030517578,167.49000549316406,171.86000061035156,4419100
2015-09-30,174.5800018310547,175.0800018310547,172.16000366210938,173.75999450683594,2931500
2015-10-01,174.39999389648438,176.1699981689453,173.0399932861328,176.02000427246094,3613000
2015-10-02,172.13999938964844,177.10000610351562,169.8699951171875,177.00999450683594,4469900
2015-10-05,178.22999572753906,181.05999755859375,177.8300018310547,180.6999969482422,3411900
2015-10-06,180.1999969482422,181.27999877929688,179.47000122070312,180.32000732421875,1859100
2015-10-07,181.8000030517578,183.7899932861328,180.5399932861328,182.22999572753906,2572200
2015-10-08,181.17999267578125,182.47000122070312,179.75,181.07000732421875,3253400
2015-10-09,180.9600067138672,182.2899932861328,178.2100067138672,179.19000244140625,3334900
2015-10-12,180.8000030517578,181.1999969482422,179.00999450683594,180.22999572753906,3059800
2015-10-13,179.57000732421875,183.13999938964844,179.5,180.97000122070312,2918800
2015-10-14,180.72999572753906,182.22000122070312,179.13999938964844,179.50999450683594,3252000
2015-10-15,176.72999572753906,185.75,175.75999450683594,184.9600067138672,5720100
2015-10-16,185.1199951171875,186.64999389648438,183.6300048828125,185.17999267578125,2977500
2015-10-19,183.47999572753906,186.5,183.14999389648438,185.74000549316406,2665700
2015-10-20,185.1999969482422,185.97000122070312,183.89999389648438,185.50999450683594,2736200
2015-10-21,186.22000122070312,186.22000122070312,179.5500030517578,179.6999969482422,3613800
2015-10-22,180.22999572753906,184.19000244140625,180.1999969482422,183.55999755859375,2609600
2015-10-23,185.16000366210938,186.36000061035156,184.42999267578125,185.5,2935700
2015-10-26,187.10000610351562,188.0,186.6199951171875,187.00999450683594,2573700
2015-10-27,186.0,186.8300018310547,184.5,186.30999755859375,1932300
2015-10-28,186.7100067138672,191.47999572753906,186.1699981689453,191.32000732421875,3231900
2015-10-29,191.0,191.9600067138672,189.3300018310547,189.88999938964844,3068100
2015-10-30,189.75999450683594,190.08999633789062,187.24000549316406,187.5,2791600
2015-11-02,188.32000732421875,190.42999267578125,187.67999267578125,189.67999267578125,2531500
2015-11-03,189.25,191.8699951171875,189.0500030517578,190.69000244140625,2443200
2015-11-04,191.0,192.88999938964844,190.30999755859375,191.64999389648438,2174300
2015-11-05,192.5399932861328,193.27999877929688,191.0,192.02000427246094,2186300
2015-11-06,196.0,199.47000122070312,195.89999389648438,199.1699981689453,4270800
2015-11-09,199.0399932861328,199.89999389648438,196.32000732421875,196.75999450683594,2604400
2015-11-10,196.5800018310547,198.22000122070312,195.27999877929688,197.80999755859375,2149900
2015-11-11,198.2899932861328,198.92999267578125,196.72999572753906,197.38999938964844,1637500
2015-11-12,196.19000244140625,196.19000244140625,192.25999450683594,192.77000427246094,3166900
2015-11-13,192.6300048828125,193.3800048828125,190.05999755859375,190.38999938964844,2484000
2015-11-16,189.99000549316406,192.16000366210938,188.00999450683594,192.16000366210938,4626600
2015-11-17,192.6699981689453,193.0,190.32000732421875,190.57000732421875,1783800
2015-11-18,191.0500030517578,194.0500030517578,191.00999450683594,193.66000366210938,2509200
2015-11-19,193.82000732421875,194.2100067138672,191.6699981689453,193.02999877929688,1835800
2015-11-20,193.0,193.49000549316406,191.11000061035156,191.47000122070312,2932100
2015-11-23,191.3000030517578,191.49000549316406,188.52000427246094,189.19000244140625,2671700
2015-11-24,188.02000427246094,189.8000030517578,186.55999755859375,188.6699981689453,2679400
2015-11-25,188.99000549316406,189.77000427246094,188.14999389648438,189.14999389648438,1495600
2015-11-27,189.16000366210938,191.19000244140625,188.85000610351562,190.47000122070312,1092700
2015-11-30,190.5,191.0800018310547,189.24000549316406,190.02000427246094,3415000
2015-12-01,191.22000122070312,193.14999389648438,190.00999450683594,193.07000732421875,4140900
2015-12-02,193.3000030517578,193.83999633789062,189.8000030517578,190.25999450683594,1817200
2015-12-03,190.66000366210938,191.64999389648438,184.72999572753906,185.1999969482422,3599000
2015-12-04,185.61000061035156,190.6199951171875,184.75,189.99000549316406,3517200
2015-12-07,190.0,190.1199951171875,185.0,185.49000549316406,3499900
2015-12-08,183.9199981689453,184.47000122070312,181.83999633789062,182.9199981689453,2663800
2015-12-09,182.02000427246094,184.85000610351562,179.8300018310547,180.7100067138672,3907500
2015-12-10,180.99000549316406,183.92999267578125,180.30999755859375,182.11000061035156,2212300
2015-12-11,179.67999267578125,180.14999389648438,175.47000122070312,176.55999755859375,3750100
2015-12-14,176.6699981689453,178.6300048828125,172.89999389648438,176.39999389648438,5102400
2015-12-15,178.97999572753906,183.27999877929688,178.85000610351562,182.00999450683594,3398700
2015-12-16,184.00999450683594,186.8800048828125,181.67999267578125,186.2100067138672,3191700
2015-12-17,186.8800048828125,187.88999938964844,182.61000061035156,182.61000061035156,2807900
2015-12-18,181.1999969482422,181.89999389648438,175.38999938964844,175.49000549316406,6740800
2015-12-21,177.5,178.14999389648438,175.8300018310547,177.75,2472900
2015-12-22,178.89999389648438,180.69000244140625,177.0500030517578,180.0500030517578,2312800
2015-12-23,180.6999969482422,183.0,180.4600067138672,182.9499969482422,2367900
2015-12-24,182.27000427246094,183.1699981689453,182.02000427246094,182.47000122070312,1107600
2015-12-28,181.77000427246094,181.92999267578125,179.83999633789062,181.6199951171875,1723300
2015-12-29,182.82000732421875,184.17999267578125,182.5,183.52999877929688,1848900
2015-12-30,183.27999877929688,183.52999877929688,181.83999633789062,182.00999450683594,1514300
2015-12-31,181.16000366210938,182.88999938964844,180.02999877929688,180.22999572753906,1773900
2016-01-04,175.7899932861328,177.19000244140625,173.75999450683594,177.13999938964844,3745500
2016-01-05,176.7100067138672,177.5,172.9199981689453,174.08999633789062,4521600
2016-01-06,171.30999755859375,172.02000427246094,169.10000610351562,169.83999633789062,5539400
2016-01-07,166.6699981689453,169.5,163.60000610351562,164.6199951171875,5687900
2016-01-08,166.75,168.4199981689453,163.6300048828125,163.94000244140625,4929800
2016-01-11,165.0,166.4600067138672,163.33999633789062,165.72999572753906,4386500
2016-01-12,166.88999938964844,168.17999267578125,163.3000030517578,165.7100067138672,4441300
2016-01-13,166.4600067138672,167.10000610351562,157.9199981689453,158.99000549316406,5252500
2016-01-14,160.3000030517578,162.50999450683594,156.75999450683594,161.38999938964844,4272500
2016-01-15,156.6999969482422,157.99000549316406,153.80999755859375,155.61000061035156,6237200
2016-01-19,157.55999755859375,158.75999450683594,155.27999877929688,156.82000732421875,5860600
2016-01-20,154.10000610351562,158.3699951171875,151.64999389648438,153.75,9369100
2016-01-21,153.97000122070312,155.16000366210938,151.49000549316406,151.64999389648438,5738800
2016-01-22,154.5800018310547,156.99000549316406,153.86000061035156,156.86000061035156,5583800
2016-01-25,156.39999389648438,156.52999877929688,151.1199951171875,151.1199951171875,5051700
2016-01-26,151.1199951171875,156.10000610351562,151.1199951171875,154.4499969482422,5237700
2016-01-27,153.58999633789062,158.42999267578125,153.19000244140625,153.72000122070312,5153100
2016-01-28,155.00999450683594,158.0500030517578,152.52999877929688,157.05999755859375,4292900
2016-01-29,158.63999938964844,161.58999633789062,157.77999877929688,161.55999755859375,4887900
2016-02-01,160.41000366210938,161.0,158.4499969482422,159.64999389648438,2963500
2016-02-02,157.0,157.0,150.16000366210938,151.6999969482422,6316200
2016-02-03,152.5,153.83999633789062,147.00999450683594,152.67999267578125,5893200
2016-02-04,152.3000030517578,157.9499969482422,152.00999450683594,156.49000549316406,4573100
2016-02-05,157.57000732421875,159.6999969482422,155.69000244140625,156.47000122070312,4596100
2016-02-08,153.8300018310547,153.8300018310547,145.25,149.25,8680000
2016-02-09,145.52000427246094,149.9499969482422,145.10000610351562,148.25,6919400
2016-02-10,150.0,153.3800048828125,147.2100067138672,147.22999572753906,7609600
2016-02-11,143.41000366210938,144.41000366210938,139.0500030517578,140.69000244140625,10252200
2016-02-12,143.75,146.50999450683594,143.6999969482422,146.1300048828125,9009300
2016-02-16,149.60000610351562,150.47999572753906,147.4499969482422,149.02000427246094,10198000
2016-02-17,150.8000030517578,151.8699951171875,150.30999755859375,150.94000244140625,5578800
2016-02-18,151.25,152.0,147.3699951171875,147.72999572753906,5895500
2016-02-19,147.0,147.72999572753906,145.42999267578125,146.91000366210938,5257300
2016-02-22,149.1999969482422,149.99000549316406,148.22999572753906,148.7899932861328,4287900
2016-02-23,148.0,148.0500030517578,144.0500030517578,144.91000366210938,4249600
2016-02-24,143.0800018310547,145.63999938964844,140.25999450683594,145.55999755859375,5714700
2016-02-25,146.0,149.07000732421875,145.22999572753906,148.25,4299600
2016-02-26,149.72000122070312,151.97000122070312,149.00999450683594,150.25,5924500
2016-02-29,149.75,150.2899932861328,148.32000732421875,149.52999877929688,5506400
2016-03-01,150.9499969482422,154.77000427246094,150.67999267578125,154.64999389648438,6490400
2016-03-02,154.75,155.41000366210938,153.4499969482422,154.1999969482422,5047500
2016-03-03,154.0,155.66000366210938,153.36000061035156,155.3300018310547,3615800
2016-03-04,156.3699951171875,158.85000610351562,155.2899932861328,156.83999633789062,5256700
2016-03-07,156.0,156.3699951171875,154.41000366210938,155.35000610351562,2771900
2016-03-08,154.0,154.22999572753906,151.5,151.60000610351562,3830400
2016-03-09,152.11000061035156,152.5,149.17999267578125,149.91000366210938,3250900
2016-03-10,150.41000366210938,153.60000610351562,148.83999633789062,151.02000427246094,4631800
2016-03-11,153.27999877929688,154.16000366210938,152.3699951171875,153.94000244140625,4058700
2016-03-14,153.66000366210938,154.4499969482422,152.1300048828125,153.49000549316406,3317900
2016-03-15,152.64999389648438,152.74000549316406,150.89999389648438,152.02999877929688,3731400
2016-03-16,150.9199981689453,152.85000610351562,149.7100067138672,150.5399932861328,4310300
2016-03-17,150.38999938964844,153.97999572753906,148.75,152.91000366210938,4431700
2016-03-18,153.91000366210938,158.17999267578125,153.8699951171875,157.60000610351562,7413200
2016-03-21,157.24000549316406,158.89999389648438,155.75,156.2899932861328,4410200
2016-03-22,155.5,155.58999633789062,153.36000061035156,154.1999969482422,3521500
2016-03-23,154.25,155.5500030517578,153.58999633789062,154.0800018310547,3633400
2016-03-24,152.39999389648438,153.0399932861328,150.1300048828125,153.0,3693400
2016-03-28,153.13999938964844,154.63999938964844,152.3800048828125,153.83999633789062,2308600
2016-03-29,152.8699951171875,155.35000610351562,151.5,155.02999877929688,2919500
2016-03-30,156.1300048828125,158.02000427246094,154.88999938964844,156.5,3130600
2016-03-31,156.17999267578125,157.47999572753906,156.05999755859375,156.97999572753906,2927300
2016-04-01,156.4600067138672,160.00999450683594,155.08999633789062,159.82000732421875,3373400
2016-04-04,159.97000122070312,160.0,157.38999938964844,157.77000427246094,2478100
2016-04-05,156.44000244140625,156.52999877929688,154.5500030517578,155.35000610351562,2822700
2016-04-06,155.25999450683594,156.27000427246094,153.9199981689453,155.19000244140625,2927400
2016-04-07,153.64999389648438,154.02999877929688,149.3699951171875,150.41000366210938,4786800
2016-04-08,152.07000732421875,152.8699951171875,150.00999450683594,150.27999877929688,3122200
2016-04-11,151.17999267578125,153.89999389648438,150.41000366210938,152.1999969482422,3464300
2016-04-12,152.6699981689453,155.08999633789062,151.3000030517578,154.30999755859375,2732900
2016-04-13,156.52999877929688,159.99000549316406,156.3800048828125,159.85000610351562,5151100
2016-04-14,159.52999877929688,162.27000427246094,159.14999389648438,160.91000366210938,3067100
2016-04-15,161.22999572753906,161.77999877929688,158.1999969482422,158.52000427246094,3467900
2016-04-18,157.61000061035156,160.0,157.14999389648438,159.02000427246094,3031500
2016-04-19,157.75,163.6999969482422,157.0,162.64999389648438,5832200
2016-04-20,162.0,167.4499969482422,161.94000244140625,166.97999572753906,4802200
2016-04-21,166.5500030517578,168.89999389648438,165.00999450683594,165.32000732421875,4165100
2016-04-22,165.7899932861328,167.49000549316406,165.66000366210938,166.75,2680300
2016-04-25,166.0,167.38999938964844,164.05999755859375,165.08999633789062,2473000
2016-04-26,165.3800048828125,166.0,164.22000122070312,165.83999633789062,2251600
2016-04-27,165.8300018310547,168.66000366210938,164.92999267578125,166.9199981689453,3323600
2016-04-28,165.35000610351562,167.32000732421875,164.00999450683594,164.2899932861328,2528000
2016-04-29,163.8000030517578,164.67999267578125,162.55999755859375,164.11000061035156,2890800
2016-05-02,165.0800018310547,167.19000244140625,163.99000549316406,166.17999267578125,1998400
2016-05-03,163.66000366210938,164.11000061035156,161.3699951171875,163.13999938964844,2777000
2016-05-04,161.1999969482422,162.60000610351562,159.08999633789062,160.07000732421875,3203900
2016-05-05,160.77999877929688,160.82000732421875,158.5,159.52999877929688,2366200
2016-05-06,158.19000244140625,160.1699981689453,157.00999450683594,158.85000610351562,2307000
2016-05-09,158.1999969482422,159.85000610351562,156.7899932861328,157.50999450683594,2097900
2016-05-10,158.6699981689453,161.5,158.38999938964844,161.4199981689453,2379600
2016-05-11,161.36000061035156,162.52999877929688,159.27999877929688,159.4199981689453,2096900
2016-05-12,160.32000732421875,161.47000122070312,157.30999755859375,158.07000732421875,2448100
2016-05-13,157.8800048828125,159.72000122070312,155.25999450683594,155.33999633789062,2550100
2016-05-16,155.33999633789062,156.89999389648438,154.60000610351562,155.3800048828125,3177700
2016-05-17,154.74000549316406,157.11000061035156,153.77000427246094,154.64999389648438,2701500
2016-05-18,154.80999755859375,160.0,154.64999389648438,159.94000244140625,3653300
2016-05-19,158.67999267578125,159.9499969482422,154.52000427246094,154.6999969482422,4712000
2016-05-20,155.75999450683594,156.41000366210938,153.9199981689453,154.50999450683594,3247800
2016-05-23,154.44000244140625,156.08999633789062,153.74000549316406,155.4499969482422,2767600
2016-05-24,156.6699981689453,158.5500030517578,156.44000244140625,157.58999633789062,3038800
2016-05-25,158.05999755859375,162.2899932861328,158.02999877929688,161.25,3259900
2016-05-26,161.16000366210938,161.3300018310547,159.1699981689453,159.22000122070312,2576100
2016-05-27,158.6999969482422,160.39999389648438,158.32000732421875,159.52999877929688,2157000
2016-05-31,160.39999389648438,161.64999389648438,158.5500030517578,159.47999572753906,2916100
2016-06-01,157.89999389648438,160.5500030517578,156.0,159.97000122070312,2581600
2016-06-02,160.13999938964844,160.3300018310547,158.4600067138672,159.27999877929688,2257100
2016-06-03,155.86000061035156,156.5399932861328,153.86000061035156,155.6699981689453,4329300
2016-06-06,156.25,157.91000366210938,155.77000427246094,157.05999755859375,2540400
2016-06-07,157.1999969482422,157.47000122070312,155.1699981689453,155.1699981689453,2489700
2016-06-08,155.1999969482422,156.5800018310547,153.91000366210938,154.63999938964844,2426800
2016-06-09,153.7899932861328,154.2899932861328,152.4600067138672,153.1699981689453,2711700
2016-06-10,151.35000610351562,151.66000366210938,149.57000732421875,149.88999938964844,4335700
2016-06-13,149.0,151.32000732421875,148.58999633789062,148.6300048828125,3385800
2016-06-14,148.22000122070312,149.0500030517578,145.4499969482422,146.19000244140625,5069600
2016-06-15,147.16000366210938,148.6999969482422,145.89999389648438,146.16000366210938,2981400
2016-06-16,145.0,146.99000549316406,143.52999877929688,146.6300048828125,3499200
2016-06-17,146.6300048828125,148.22999572753906,145.4600067138672,145.63999938964844,4296500
2016-06-20,148.5,150.5,147.5800018310547,147.75,3338900
2016-06-21,148.5,148.8300018310547,147.1199951171875,148.35000610351562,2424600
2016-06-22,148.00999450683594,150.1199951171875,147.99000549316406,148.13999938964844,2487600
2016-06-23,150.55999755859375,152.8000030517578,150.13999938964844,152.66000366210938,2940500
2016-06-24,143.02999877929688,146.4199981689453,140.9199981689453,141.86000061035156,9442200
2016-06-27,140.07000732421875,141.22999572753906,138.1999969482422,139.50999450683594,7381000
2016-06-28,142.2100067138672,142.6199951171875,139.82000732421875,142.41000366210938,5041500
2016-06-29,143.60000610351562,145.5500030517578,142.92999267578125,145.5,3804100
2016-06-30,146.6699981689453,148.8800048828125,145.3699951171875,148.5800018310547,4528600
2016-07-01,148.49000549316406,150.6999969482422,148.07000732421875,148.25,3096800
2016-07-05,146.72000122070312,146.94000244140625,143.3300018310547,144.4499969482422,3943000
2016-07-06,142.94000244140625,145.94000244140625,142.6199951171875,145.5800018310547,2941800
2016-07-07,146.0,148.08999633789062,145.36000061035156,147.0,2578300
2016-07-08,149.36000061035156,150.9199981689453,148.30999755859375,150.3800048828125,3281400
2016-07-11,151.49000549316406,152.97999572753906,151.3800048828125,152.19000244140625,3041600
2016-07-12,154.0,157.25,153.9199981689453,156.9199981689453,5110800
2016-07-13,157.0,158.27000427246094,156.14999389648438,157.9199981689453,4276400
2016-07-14,160.2899932861328,163.24000549316406,160.00999450683594,162.5399932861328,5087700
2016-07-15,162.86000061035156,163.13999938964844,160.6999969482422,161.63999938964844,3078400
2016-07-18,162.36000061035156,164.08999633789062,162.00999450683594,163.3300018310547,4734500
2016-07-19,162.02000427246094,164.0800018310547,160.72999572753906,161.41000366210938,5399700
2016-07-20,162.5500030517578,162.88999938964844,159.22000122070312,161.77000427246094,3547800
2016-07-21,161.7100067138672,161.89999389648438,159.77000427246094,160.0500030517578,2855500
2016-07-22,160.2899932861328,160.72999572753906,159.86000061035156,160.41000366210938,1811700
2016-07-25,159.63999938964844,161.3300018310547,159.61000061035156,160.50999450683594,1956100
2016-07-26,160.67999267578125,161.5,159.4199981689453,161.16000366210938,2150100
2016-07-27,161.1999969482422,162.1699981689453,160.41000366210938,160.99000549316406,2317200
2016-07-28,160.17999267578125,160.9600067138672,158.83999633789062,160.52999877929688,2047400
2016-07-29,159.50999450683594,160.19000244140625,158.64999389648438,158.80999755859375,2388200
2016-08-01,158.80999755859375,159.9199981689453,157.92999267578125,158.17999267578125,2316300
2016-08-02,157.64999389648438,158.4600067138672,155.3699951171875,156.05999755859375,3182800
2016-08-03,156.4499969482422,158.9499969482422,156.17999267578125,158.33999633789062,2284700
2016-08-04,158.22000122070312,158.89999389648438,157.41000366210938,158.0500030517578,2005700
2016-08-05,159.75,162.1300048828125,159.1999969482422,162.08999633789062,2676100
2016-08-08,162.10000610351562,163.97999572753906,162.00999450683594,162.8300018310547,2266600
2016-08-09,162.5,164.5800018310547,162.5,163.44000244140625,1957400
2016-08-10,163.4499969482422,163.60000610351562,162.00999450683594,162.19000244140625,1656100
2016-08-11,162.1999969482422,164.25,161.92999267578125,163.86000061035156,1827700
2016-08-12,162.6699981689453,163.3699951171875,162.07000732421875,163.25,1440800
2016-08-15,163.8699951171875,165.83999633789062,163.8000030517578,165.5500030517578,2222200
2016-08-16,164.99000549316406,166.75999450683594,164.72000122070312,165.64999389648438,2523800
2016-08-17,165.94000244140625,166.32000732421875,164.74000549316406,165.6699981689453,2061700
2016-08-18,165.33999633789062,166.55999755859375,164.6300048828125,166.05999755859375,1750500
2016-08-19,165.36000061035156,166.89999389648438,164.5,166.22999572753906,1840900
2016-08-22,166.0,166.91000366210938,164.88999938964844,166.25999450683594,1448100
2016-08-23,167.0,167.85000610351562,165.97999572753906,166.0800018310547,1965500
2016-08-24,165.77999877929688,166.6999969482422,164.85000610351562,165.3000030517578,2035300
2016-08-25,165.0800018310547,166.0399932861328,164.61000061035156,165.89999389648438,1441400
2016-08-26,166.75999450683594,168.07000732421875,165.36000061035156,165.97000122070312,2402200
2016-08-29,166.60000610351562,167.86000061035156,166.14999389648438,166.8699951171875,2620900
2016-08-30,166.22000122070312,169.50999450683594,166.22000122070312,169.3699951171875,2934100
2016-08-31,169.25,170.24000549316406,167.47000122070312,169.4600067138672,3688200
2016-09-01,170.0,170.07000732421875,166.66000366210938,168.50999450683594,2843300
2016-09-02,168.52000427246094,169.74000549316406,167.89999389648438,169.17999267578125,1747500
2016-09-06,168.72000122070312,169.7899932861328,167.47000122070312,169.3300018310547,2034900
2016-09-07,168.6999969482422,170.2100067138672,168.64999389648438,169.6699981689453,1584300
2016-09-08,169.35000610351562,171.8800048828125,168.7100067138672,171.66000366210938,3031600
2016-09-09,170.8300018310547,172.4199981689453,168.50999450683594,168.57000732421875,3411800
2016-09-12,167.00999450683594,171.6699981689453,166.22999572753906,171.05999755859375,2647900
2016-09-13,168.5399932861328,169.97000122070312,166.3800048828125,167.0,2788200
2016-09-14,167.0,167.86000061035156,165.58999633789062,166.16000366210938,1995900
2016-09-15,165.77999877929688,168.75999450683594,165.75999450683594,168.0800018310547,1645200
2016-09-16,167.85000610351562,168.0500030517578,165.61000061035156,166.0,4534900
2016-09-19,167.33999633789062,168.30999755859375,165.67999267578125,166.2100067138672,2030700
2016-09-20,167.67999267578125,168.27999877929688,166.38999938964844,166.47000122070312,1532900
2016-09-21,167.4199981689453,168.27999877929688,165.92999267578125,167.02999877929688,2333600
2016-09-22,168.4499969482422,169.3300018310547,167.6999969482422,168.02000427246094,2467700
2016-09-23,167.75,168.10000610351562,165.0500030517578,165.1300048828125,3421200
2016-09-26,163.8300018310547,163.97000122070312,161.0,161.47999572753906,2772200
2016-09-27,160.72000122070312,163.4499969482422,159.82000732421875,162.88999938964844,2602700
2016-09-28,163.33999633789062,163.7899932861328,161.67999267578125,163.4499969482422,1678100
2016-09-29,163.3800048828125,163.9600067138672,157.77000427246094,158.9499969482422,3733800
2016-09-30,159.9499969482422,162.41000366210938,157.8000030517578,161.27000427246094,4497200
2016-10-03,160.5,161.72000122070312,160.25,161.07000732421875,2444700
2016-10-04,161.24000549316406,164.14999389648438,161.22999572753906,162.27000427246094,2469900
2016-10-05,163.32000732421875,166.57000732421875,163.00999450683594,166.39999389648438,2548200
2016-10-06,167.17999267578125,167.2899932861328,164.82000732421875,167.14999389648438,2858000
2016-10-07,167.5,169.97999572753906,166.24000549316406,169.8300018310547,3390200
2016-10-10,170.52000427246094,171.75,170.10000610351562,171.0399932861328,2532000
2016-10-11,169.83999633789062,170.8699951171875,167.91000366210938,169.0399932861328,2680000
2016-10-12,169.0399932861328,169.99000549316406,168.3000030517578,169.3000030517578,2404000
2016-10-13,167.60000610351562,167.6300048828125,165.50999450683594,167.4199981689453,2713700
2016-10-14,171.60000610351562,172.9499969482422,169.11000061035156,170.52000427246094,5282300
2016-10-17,170.5,171.27000427246094,168.4499969482422,169.0,3061400
2016-10-18,172.00999450683594,173.47000122070312,171.10000610351562,172.6300048828125,4482500
2016-10-19,173.3699951171875,175.67999267578125,173.17999267578125,174.50999450683594,3676000
2016-10-20,174.0,175.7899932861328,173.8000030517578,174.50999450683594,2471100
2016-10-21,172.83999633789062,174.89999389648438,172.50999450683594,174.6699981689453,2004400
2016-10-24,175.5,175.7899932861328,174.35000610351562,175.1199951171875,1943200
2016-10-25,175.0399932861328,175.9600067138672,174.63999938964844,175.5500030517578,2423300
2016-10-26,174.7899932861328,177.89999389648438,173.92999267578125,177.07000732421875,2533800
2016-10-27,178.19000244140625,178.85000610351562,176.57000732421875,177.75,3021900
2016-10-28,178.50999450683594,178.50999450683594,175.4600067138672,177.13999938964844,2042800
2016-10-31,177.67999267578125,178.5,177.22999572753906,178.24000549316406,1828200
2016-11-01,179.0,179.17999267578125,176.61000061035156,178.05999755859375,2900600
2016-11-02,177.07000732421875,177.5,176.07000732421875,176.5800018310547,2104800
2016-11-03,176.77000427246094,177.97000122070312,176.2100067138672,176.2100067138672,1972700
2016-11-04,176.3300018310547,177.33999633789062,174.72999572753906,175.9199981689453,1846500
2016-11-07,179.0,181.5,179.0,181.47999572753906,3338800
2016-11-08,180.11000061035156,182.67999267578125,178.4600067138672,181.9199981689453,2646200
2016-11-09,185.0,193.5399932861328,183.4499969482422,192.6300048828125,7823800
2016-11-10,194.52999877929688,204.6699981689453,194.0,200.8699951171875,11345400
2016-11-11,198.25,205.0,198.25,203.94000244140625,6290200
2016-11-14,204.14999389648438,211.77000427246094,204.14999389648438,209.17999267578125,8248100
2016-11-15,206.55999755859375,211.1999969482422,205.1699981689453,211.19000244140625,4893800
2016-11-16,207.35000610351562,208.0800018310547,204.8300018310547,206.25999450683594,5276200
2016-11-17,206.25999450683594,209.69000244140625,205.6699981689453,209.6300048828125,3572400
2016-11-18,209.8699951171875,212.07000732421875,209.72000122070312,210.35000610351562,4278200
2016-11-21,211.4600067138672,211.69000244140625,209.17999267578125,211.0800018310547,2860200
2016-11-22,211.36000061035156,211.9499969482422,209.88999938964844,211.11000061035156,2945700
2016-11-23,211.5,213.41000366210938,209.3699951171875,212.30999755859375,3717400
2016-11-25,211.36000061035156,212.75,211.0,211.3800048828125,1974000
2016-11-28,210.0,211.75999450683594,209.60000610351562,210.35000610351562,3297400
2016-11-29,209.99000549316406,212.9199981689453,209.9199981689453,211.75,2577600
2016-11-30,215.1999969482422,220.77000427246094,214.97000122070312,219.2899932861328,6507900
2016-12-01,220.92999267578125,227.16000366210938,220.35000610351562,226.6300048828125,7606500
2016-12-02,226.0,226.25,221.22000122070312,223.36000061035156,5297400
2016-12-05,225.52000427246094,229.1999969482422,225.24000549316406,228.5500030517578,4599300
2016-12-06,230.17999267578125,232.6699981689453,227.89999389648438,231.3800048828125,5259300
2016-12-07,230.39999389648438,236.08999633789062,230.39999389648438,235.55999755859375,6595200
2016-12-08,236.8800048828125,242.4199981689453,236.0,241.4499969482422,7343700
2016-12-09,240.61000061035156,242.0,238.8800048828125,241.85000610351562,5456000
2016-12-12,240.5,242.8300018310547,236.3699951171875,237.1699981689453,5022000
2016-12-13,239.0,240.17999267578125,235.50999450683594,238.5500030517578,4680500
2016-12-14,235.6699981689453,243.1199951171875,235.3699951171875,239.92999267578125,6172400
2016-12-15,242.49000549316406,245.57000732421875,241.6199951171875,243.0,4829700
2016-12-16,242.8000030517578,243.19000244140625,238.39999389648438,238.89999389648438,6876400
2016-12-19,238.33999633789062,239.74000549316406,236.25999450683594,239.07000732421875,3743300
2016-12-20,240.52000427246094,243.64999389648438,240.22999572753906,243.08999633789062,4487700
2016-12-21,242.24000549316406,242.39999389648438,240.0800018310547,241.44000244140625,3277800
2016-12-22,241.22999572753906,242.86000061035156,239.5500030517578,240.1199951171875,2636500
2016-12-23,239.5399932861328,241.89999389648438,238.91000366210938,240.97000122070312,2187500
2016-12-27,241.9499969482422,242.58999633789062,240.39999389648438,241.55999755859375,1998200
2016-12-28,243.69000244140625,244.5,240.44000244140625,240.64999389648438,3053000
2016-12-29,240.75,241.07000732421875,236.63999938964844,238.17999267578125,2619000
2016-12-30,238.50999450683594,240.5,237.39999389648438,239.4499969482422,2355500
2017-01-03,242.6999969482422,244.97000122070312,237.97000122070312,241.57000732421875,4384200
2017-01-04,241.44000244140625,243.32000732421875,240.02999877929688,243.1300048828125,2728700
2017-01-05,242.72000122070312,243.22999572753906,236.77999877929688,241.32000732421875,3562600
2017-01-06,242.2899932861328,246.1999969482422,241.3699951171875,244.89999389648438,3591100
2017-01-09,243.25,244.69000244140625,241.47000122070312,242.88999938964844,3022800
2017-01-10,240.8699951171875,243.44000244140625,239.0500030517578,242.57000732421875,3432900
2017-01-11,242.77000427246094,245.83999633789062,242.0,245.75999450683594,3532600
2017-01-12,245.05999755859375,245.47000122070312,241.57000732421875,243.83999633789062,4022300
2017-01-13,245.42999267578125,247.77000427246094,242.91000366210938,244.3000030517578,4186100
2017-01-17,242.94000244140625,243.05999755859375,235.61000061035156,235.74000549316406,6277200
2017-01-18,236.0,237.69000244140625,231.52000427246094,234.2899932861328,7590500
2017-01-19,234.07000732421875,234.75,230.6199951171875,231.41000366210938,4561800
2017-01-20,231.6199951171875,233.22999572753906,230.5399932861328,232.1999969482422,5211800
2017-01-23,231.86000061035156,233.75,230.75,232.6699981689453,3136200
2017-01-24,231.86000061035156,236.05999755859375,230.83999633789062,233.67999267578125,4448200
2017-01-25,235.52999877929688,237.3300018310547,234.49000549316406,237.25,3716800
2017-01-26,237.47000122070312,240.7899932861328,237.47000122070312,239.5800018310547,4195600
2017-01-27,236.89999389648438,237.97000122070312,236.00999450683594,236.9499969482422,3253100
2017-01-30,235.5800018310547,236.2899932861328,231.52000427246094,233.89999389648438,3803300
2017-01-31,232.85000610351562,234.35000610351562,228.16000366210938,229.32000732421875,5156400
2017-02-01,230.50999450683594,232.86000061035156,229.52000427246094,230.6699981689453,4024500
2017-02-02,228.50999450683594,232.3300018310547,227.0500030517578,230.41000366210938,2775700
2017-02-03,234.52000427246094,241.11000061035156,234.1999969482422,240.9499969482422,7381000
2017-02-06,239.60000610351562,243.64999389648438,239.1699981689453,239.97999572753906,4639200
2017-02-07,241.14999389648438,241.44000244140625,239.38999938964844,239.6199951171875,2660200
2017-02-08,238.3000030517578,238.94000244140625,236.30999755859375,237.72999572753906,2744700
2017-02-09,237.72999572753906,243.2899932861328,237.4199981689453,241.5500030517578,3550800
2017-02-10,243.3699951171875,244.16000366210938,241.22999572753906,242.72000122070312,3072800
2017-02-13,244.49000549316406,247.47999572753906,244.49000549316406,246.27000427246094,2998200
2017-02-14,246.00999450683594,250.0,245.69000244140625,249.4600067138672,4141500
2017-02-15,250.5800018310547,251.9499969482422,248.50999450683594,250.5399932861328,4296600
2017-02-16,250.3000030517578,250.77999877929688,248.44000244140625,249.44000244140625,2286300
2017-02-17,247.50999450683594,250.55999755859375,247.11000061035156,250.3800048828125,3262300
2017-02-21,251.0,252.64999389648438,250.7100067138672,251.75999450683594,2794900
2017-02-22,250.05999755859375,252.35000610351562,250.0,251.72999572753906,2378800
2017-02-23,251.30999755859375,251.89999389648438,249.32000732421875,251.19000244140625,2594700
2017-02-24,247.6999969482422,248.8800048828125,246.10000610351562,247.35000610351562,3565400
2017-02-27,247.2100067138672,249.75999450683594,246.61000061035156,249.3300018310547,2372600
2017-02-28,248.0,249.0,245.61000061035156,248.05999755859375,3627100
2017-03-01,253.7100067138672,255.14999389648438,251.25999450683594,252.7100067138672,5218300
2017-03-02,253.52000427246094,254.24000549316406,250.97000122070312,251.05999755859375,3020000
2017-03-03,251.05999755859375,254.75,251.05999755859375,252.88999938964844,3163700
2017-03-06,252.1699981689453,252.72999572753906,250.5,252.00999450683594,2467000
2017-03-07,252.49000549316406,253.0,250.30999755859375,250.89999389648438,2497300
2017-03-08,253.6199951171875,254.77000427246094,249.61000061035156,250.24000549316406,3574400
2017-03-09,251.22000122070312,252.74000549316406,249.52000427246094,250.17999267578125,3061500
2017-03-10,251.83999633789062,251.89999389648438,246.8699951171875,248.3800048828125,3365900
2017-03-13,249.32000732421875,249.32000732421875,247.2100067138672,248.16000366210938,1801100
2017-03-14,246.80999755859375,247.8300018310547,245.41000366210938,247.72000122070312,2144200
2017-03-15,248.35000610351562,250.27999877929688,245.55999755859375,246.77999877929688,3427000
2017-03-16,247.85000610351562,250.1999969482422,247.30999755859375,248.22000122070312,2940600
2017-03-17,249.67999267578125,249.67999267578125,243.86000061035156,243.94000244140625,5438100
2017-03-20,243.32000732421875,244.92999267578125,241.52000427246094,242.13999938964844,2759100
2017-03-21,243.30999755859375,243.30999755859375,232.7899932861328,233.0,5660900
2017-03-22,231.22000122070312,232.9199981689453,229.16000366210938,231.07000732421875,6291300
2017-03-23,230.75,234.6300048828125,229.9499969482422,231.89999389648438,4770700
2017-03-24,233.0,233.6999969482422,226.97000122070312,228.41000366210938,6387300
2017-03-27,223.3000030517578,227.07000732421875,220.85000610351562,225.47999572753906,9194800
2017-03-28,225.5800018310547,229.75,225.10000610351562,229.3300018310547,4471200
2017-03-29,229.38999938964844,229.97000122070312,227.52000427246094,228.4499969482422,2636000
2017-03-30,229.47999572753906,232.0,229.3800048828125,231.22000122070312,3156800
2017-03-31,230.52999877929688,230.8000030517578,228.72999572753906,229.72000122070312,2858400
2017-04-03,230.0,230.10000610351562,225.57000732421875,228.9600067138672,3735600
2017-04-04,227.72000122070312,230.69000244140625,227.27999877929688,229.25999450683594,3042700
2017-04-05,232.14999389648438,232.88999938964844,227.30999755859375,227.66000366210938,5286900
2017-04-06,227.08999633789062,230.1199951171875,225.7100067138672,228.63999938964844,2927200
2017-04-07,226.60000610351562,228.8300018310547,226.22999572753906,227.8800048828125,2853300
2017-04-10,228.0,229.7899932861328,226.9499969482422,228.88999938964844,2653900
2017-04-11,227.77999877929688,229.39999389648438,225.38999938964844,227.74000549316406,3374700
2017-04-12,227.64999389648438,228.25,225.22999572753906,225.75,2947500
2017-04-13,225.17999267578125,228.1699981689453,223.0800018310547,223.32000732421875,3653700
2017-04-17,223.89999389648438,226.8800048828125,223.02000427246094,226.25999450683594,4190900
2017-04-18,219.32000732421875,219.88999938964844,213.17999267578125,215.58999633789062,12464000
2017-04-19,215.8699951171875,217.17999267578125,213.61000061035156,214.08999633789062,6428800
2017-04-20,215.5,218.97999572753906,215.0,218.05999755859375,5168200
2017-04-21,218.5500030517578,219.17999267578125,216.3800048828125,216.86000061035156,3845700
2017-04-24,221.17999267578125,224.80999755859375,220.3000030517578,223.22000122070312,5353500
2017-04-25,226.1999969482422,227.97999572753906,225.14999389648438,226.6300048828125,3996900
2017-04-26,227.10000610351562,229.36000061035156,226.08999633789062,226.1999969482422,3765300
2017-04-27,226.6999969482422,226.6999969482422,223.52000427246094,225.80999755859375,2805800
2017-04-28,225.30999755859375,226.77000427246094,223.72000122070312,223.8000030517578,2936600
2017-05-01,224.89999389648438,226.38999938964844,220.92999267578125,224.85000610351562,3004800
2017-05-02,224.86000061035156,225.83999633789062,223.17999267578125,225.1199951171875,2602400
2017-05-03,224.4499969482422,226.69000244140625,224.32000732421875,226.30999755859375,3042200
2017-05-04,228.25999450683594,228.88999938964844,224.80999755859375,226.58999633789062,2935400
2017-05-05,226.8800048828125,227.47000122070312,225.3000030517578,226.8699951171875,2435800
2017-05-08,226.75,227.33999633789062,224.60000610351562,225.02999877929688,2316800
2017-05-09,225.47000122070312,226.57000732421875,222.92999267578125,223.75999450683594,2145400
2017-05-10,223.4600067138672,225.35000610351562,223.05999755859375,224.8800048828125,2630400
2017-05-11,224.35000610351562,225.08999633789062,222.14999389648438,224.75999450683594,2440300
2017-05-12,223.49000549316406,224.49000549316406,222.47999572753906,222.82000732421875,2166100
2017-05-15,223.1300048828125,226.57000732421875,222.85000610351562,225.1199951171875,2468100
2017-05-16,225.44000244140625,226.82000732421875,224.41000366210938,225.60000610351562,1710700
2017-05-17,225.60000610351562,225.60000610351562,213.1199951171875,213.72000122070312,7525700
2017-05-18,214.0,217.61000061035156,213.86000061035156,215.16000366210938,4792400
2017-05-19,214.8699951171875,217.8000030517578,214.0,215.38999938964844,3747100
2017-05-22,217.3699951171875,217.63999938964844,215.39999389648438,216.02000427246094,2506100
2017-05-23,215.97000122070312,220.7899932861328,214.66000366210938,219.63999938964844,3308800
2017-05-24,220.0,224.39999389648438,219.4499969482422,223.8300018310547,4141600
2017-05-25,224.41000366210938,225.4499969482422,222.3000030517578,222.47000122070312,2640000
2017-05-26,222.00999450683594,224.22999572753906,221.17999267578125,223.52999877929688,1787100
2017-05-30,221.8300018310547,222.44000244140625,218.00999450683594,218.4199981689453,3097800
2017-05-31,218.24000549316406,218.3000030517578,209.6199951171875,211.25999450683594,8312000
2017-06-01,212.61000061035156,215.92999267578125,210.7899932861328,215.00999450683594,4057900
2017-06-02,212.94000244140625,215.2100067138672,211.91000366210938,213.30999755859375,3692000
2017-06-05,213.0800018310547,215.80999755859375,212.67999267578125,213.99000549316406,2696600
2017-06-06,212.50999450683594,216.02000427246094,212.47999572753906,214.52999877929688,2891300
2017-06-07,215.3699951171875,217.22999572753906,214.30999755859375,215.77999877929688,2679400
2017-06-08,215.77999877929688,221.0,214.6300048828125,218.75999450683594,3765600
2017-06-09,220.8300018310547,223.85000610351562,219.75,222.44000244140625,4455400
2017-06-12,223.6300048828125,225.22999572753906,221.91000366210938,221.91000366210938,3388200
2017-06-13,223.35000610351562,226.8000030517578,222.77000427246094,224.1999969482422,2767800
2017-06-14,222.99000549316406,226.94000244140625,221.75999450683594,226.50999450683594,3652900
2017-06-15,224.80999755859375,226.35000610351562,222.8000030517578,223.22999572753906,3378900
2017-06-16,222.64999389648438,223.6699981689453,221.1300048828125,221.80999755859375,3758300
2017-06-19,223.42999267578125,227.0399932861328,223.11000061035156,226.1300048828125,2900900
2017-06-20,225.50999450683594,226.5399932861328,224.19000244140625,225.10000610351562,2264200
2017-06-21,224.5399932861328,224.92999267578125,221.92999267578125,222.49000549316406,3015300
2017-06-22,221.44000244140625,221.89999389648438,219.2899932861328,219.77000427246094,3344600
2017-06-23,220.5,220.69000244140625,216.4600067138672,217.19000244140625,4448700
2017-06-26,218.25999450683594,221.97000122070312,217.6999969482422,220.44000244140625,2589500
2017-06-27,221.83999633789062,222.41000366210938,219.55999755859375,220.27999877929688,2899400
2017-06-28,221.8699951171875,224.6300048828125,220.75,223.22000122070312,3482800
2017-06-29,228.3699951171875,228.7899932861328,223.02999877929688,224.41000366210938,5063400
2017-06-30,225.30999755859375,226.0500030517578,221.5399932861328,221.89999389648438,3154300
2017-07-03,224.4600067138672,229.07000732421875,223.4199981689453,227.27999877929688,2846600
2017-07-05,228.3800048828125,228.9199981689453,225.2100067138672,228.0399932861328,2772000
2017-07-06,227.97000122070312,230.05999755859375,225.25,226.69000244140625,3076600
2017-07-07,228.22999572753906,228.49000549316406,224.4199981689453,225.27999877929688,2697600
2017-07-10,224.27000427246094,227.33999633789062,223.9600067138672,225.83999633789062,2357500
2017-07-11,226.0399932861328,227.9499969482422,224.6699981689453,226.9499969482422,2742900
2017-07-12,226.39999389648438,229.02000427246094,226.07000732421875,227.38999938964844,2567300
2017-07-13,227.38999938964844,230.63999938964844,226.9499969482422,230.39999389648438,2852600
2017-07-14,227.22000122070312,229.61000061035156,225.10000610351562,228.60000610351562,3703600
2017-07-17,228.72999572753906,229.63999938964844,227.2100067138672,229.25999450683594,2551800
2017-07-18,227.5,230.36000061035156,222.75999450683594,223.30999755859375,6400700
2017-07-19,222.91000366210938,224.1999969482422,221.6699981689453,222.8699951171875,4884600
2017-07-20,223.0,224.75999450683594,221.61000061035156,222.3000030517578,3497800
2017-07-21,221.88999938964844,222.30999755859375,219.08999633789062,220.17999267578125,3446600
2017-07-24,218.94000244140625,219.72999572753906,218.0,218.17999267578125,3123100
2017-07-25,220.33999633789062,222.8699951171875,220.17999267578125,221.5800018310547,3509500
2017-07-26,222.4499969482422,223.74000549316406,221.8699951171875,222.25,2792500
2017-07-27,221.83999633789062,222.7100067138672,220.42999267578125,221.47999572753906,2812500
2017-07-28,221.77000427246094,223.6699981689453,220.86000061035156,223.61000061035156,2483200
2017-07-31,223.9499969482422,225.5,223.0500030517578,225.3300018310547,1994900
2017-08-01,227.08999633789062,228.6199951171875,226.72999572753906,227.0,2986800
2017-08-02,226.39999389648438,227.72999572753906,225.57000732421875,226.27000427246094,1863300
2017-08-03,226.0,226.74000549316406,223.97000122070312,223.99000549316406,2106400
2017-08-04,226.0500030517578,229.7899932861328,225.05999755859375,229.7899932861328,3400300
2017-08-07,229.8000030517578,233.1300048828125,229.2899932861328,232.9199981689453,3809800
2017-08-08,232.39999389648438,235.8300018310547,231.6999969482422,232.0500030517578,3322500
2017-08-09,230.32000732421875,231.49000549316406,229.05999755859375,231.00999450683594,2571100
2017-08-10,229.02000427246094,229.4499969482422,225.47000122070312,225.5,3325500
2017-08-11,225.07000732421875,226.67999267578125,222.64999389648438,224.14999389648438,2956600
2017-08-14,226.3699951171875,229.8300018310547,226.3000030517578,227.36000061035156,2266100
2017-08-15,229.57000732421875,230.61000061035156,227.5,227.58999633789062,1867000
2017-08-16,228.25999450683594,229.00999450683594,225.0,225.61000061035156,2393900
2017-08-17,224.3800048828125,225.97999572753906,221.11000061035156,221.4199981689453,3460300
2017-08-18,220.7899932861328,224.08999633789062,220.5500030517578,222.14999389648438,3149300
2017-08-21,222.39999389648438,222.39999389648438,219.2100067138672,220.7899932861328,2203300
2017-08-22,221.86000061035156,223.77999877929688,221.3300018310547,223.5800018310547,2021300
2017-08-23,221.89999389648438,224.80999755859375,221.3300018310547,222.74000549316406,2568000
2017-08-24,223.77000427246094,224.57000732421875,222.58999633789062,222.99000549316406,2263000
2017-08-25,223.63999938964844,224.9499969482422,222.1300048828125,222.47000122070312,2232500
2017-08-28,222.91000366210938,223.08999633789062,218.86000061035156,220.35000610351562,2641600
2017-08-29,217.27000427246094,220.1300048828125,215.75,219.9600067138672,2369100
2017-08-30,220.25,224.22000122070312,220.08999633789062,222.4199981689453,2411400
2017-08-31,223.25,224.49000549316406,222.5800018310547,223.74000549316406,2240600
2017-09-01,224.5500030517578,227.55999755859375,223.52999877929688,225.8800048828125,2346900
2017-09-05,223.85000610351562,224.0,217.3000030517578,217.77999877929688,5646200
2017-09-06,218.97999572753906,221.02000427246094,217.61000061035156,218.8300018310547,3613600
2017-09-07,218.72999572753906,218.80999755859375,214.63999938964844,215.83999633789062,3594600
2017-09-08,215.50999450683594,219.27999877929688,215.39999389648438,217.2100067138672,3120900
2017-09-11,220.07000732421875,221.88999938964844,218.99000549316406,221.05999755859375,2971500
2017-09-12,222.5399932861328,227.69000244140625,222.02000427246094,225.9499969482422,3745800
2017-09-13,225.25,227.13999938964844,224.72000122070312,226.55999755859375,2383500
2017-09-14,226.10000610351562,228.10000610351562,226.0500030517578,226.85000610351562,1986600
2017-09-15,227.14999389648438,227.2100067138672,223.82000732421875,225.22000122070312,4365800
2017-09-18,226.3000030517578,229.0,225.66000366210938,227.52999877929688,2466800
2017-09-19,228.00999450683594,230.13999938964844,227.3300018310547,228.91000366210938,1858000
2017-09-20,229.5,231.64999389648438,228.5,229.7899932861328,2682300
2017-09-21,229.88999938964844,232.10000610351562,229.39999389648438,231.2899932861328,1800800
2017-09-22,230.63999938964844,231.49000549316406,228.8800048828125,231.02999877929688,1861800
2017-09-25,230.77000427246094,231.86000061035156,228.36000061035156,230.25999450683594,2261800
2017-09-26,230.86000061035156,231.44000244140625,229.02999877929688,229.94000244140625,1770000
2017-09-27,234.07000732421875,235.60000610351562,232.91000366210938,234.75999450683594,3072100
2017-09-28,235.0,236.1999969482422,233.5,235.47000122070312,2121800
2017-09-29,235.00999450683594,237.60000610351562,234.57000732421875,237.19000244140625,1902300
2017-10-02,237.1999969482422,241.10000610351562,237.10000610351562,240.64999389648438,2501300
2017-10-03,241.07000732421875,242.7100067138672,239.69000244140625,241.6199951171875,2010800
2017-10-04,241.6199951171875,242.8800048828125,240.1199951171875,240.30999755859375,1840400
2017-10-05,241.0,246.32000732421875,240.1199951171875,246.05999755859375,3521300
2017-10-06,246.3000030517578,247.0800018310547,244.61000061035156,246.02000427246094,2396100
2017-10-09,245.14999389648438,246.35000610351562,242.02000427246094,242.8000030517578,2165200
2017-10-10,242.8000030517578,243.72999572753906,241.6999969482422,242.60000610351562,2187100
2017-10-11,242.0,243.1999969482422,241.35000610351562,242.39999389648438,2175700
2017-10-12,242.3300018310547,243.4199981689453,238.75,239.8000030517578,2148200
2017-10-13,239.0,239.4499969482422,236.83999633789062,238.52999877929688,2491000
2017-10-16,238.60000610351562,242.75999450683594,238.35000610351562,242.41000366210938,2969200
2017-10-17,244.44000244140625,244.88999938964844,235.19000244140625,236.08999633789062,7088400
2017-10-18,236.8699951171875,242.64999389648438,236.8699951171875,242.02999877929688,4235900
2017-10-19,240.35000610351562,240.99000549316406,238.10000610351562,239.99000549316406,2710900
2017-10-20,242.9499969482422,245.25,240.6699981689453,244.72999572753906,3022800
2017-10-23,244.38999938964844,245.3300018310547,241.3800048828125,242.1300048828125,1963300
2017-10-24,243.60000610351562,246.25,243.0,244.83999633789062,2285300
2017-10-25,246.16000366210938,246.5,240.8000030517578,241.7100067138672,2904300
2017-10-26,242.61000061035156,244.0,241.52999877929688,241.72000122070312,1948800
2017-10-27,240.85000610351562,242.44000244140625,239.6699981689453,241.7100067138672,2111500
2017-10-30,240.10000610351562,242.58999633789062,239.52999877929688,240.88999938964844,1764400
2017-10-31,240.67999267578125,244.17999267578125,240.6300048828125,242.47999572753906,2658700
2017-11-01,243.88999938964844,247.39999389648438,242.91000366210938,244.25999450683594,2969600
2017-11-02,244.69000244140625,247.74000549316406,243.3800048828125,246.8800048828125,2509100
2017-11-03,245.3699951171875,246.27999877929688,243.19000244140625,244.39999389648438,1954600
2017-11-06,243.5,244.5800018310547,241.6699981689453,243.49000549316406,1744800
2017-11-07,243.91000366210938,244.97999572753906,238.83999633789062,239.80999755859375,2483900
2017-11-08,239.1999969482422,242.32000732421875,237.5500030517578,241.25,2349800
2017-11-09,239.50999450683594,242.3699951171875,237.83999633789062,240.7899932861328,2122400
2017-11-10,241.69000244140625,243.32000732421875,240.0,240.14999389648438,1845600
2017-11-13,237.97000122070312,240.89999389648438,237.16000366210938,240.27000427246094,1953900
2017-11-14,239.64999389648438,240.8800048828125,235.6300048828125,237.24000549316406,3000200
2017-11-15,234.97000122070312,238.14999389648438,233.5500030517578,237.61000061035156,2564100
2017-11-16,238.3800048828125,240.69000244140625,238.1999969482422,239.3699951171875,2304300
2017-11-17,238.86000061035156,239.0800018310547,237.1199951171875,238.02000427246094,2826400
2017-11-20,238.77999877929688,238.77999877929688,237.11000061035156,238.1300048828125,2000700
2017-11-21,239.41000366210938,239.58999633789062,237.5399932861328,238.02000427246094,2223800
2017-11-22,237.94000244140625,238.9499969482422,236.36000061035156,236.42999267578125,2177200
2017-11-24,237.4199981689453,238.55999755859375,235.5500030517578,235.9499969482422,1268500
2017-11-27,235.75,236.8800048828125,234.8000030517578,235.11000061035156,1999600
2017-11-28,236.08999633789062,240.0,234.3300018310547,239.41000366210938,3212900
2017-11-29,241.25,244.47000122070312,240.39999389648438,241.36000061035156,4500000
2017-11-30,244.07000732421875,250.7899932861328,244.0,247.63999938964844,6364600
2017-12-01,249.77999877929688,250.67999267578125,244.00999450683594,248.9499969482422,4765400
2017-12-04,254.88999938964844,254.89999389648438,250.00999450683594,250.64999389648438,3326100
2017-12-05,250.8000030517578,251.35000610351562,247.41000366210938,248.3300018310547,2526800
2017-12-06,246.24000549316406,248.0800018310547,245.1300048828125,245.9499969482422,2331400
2017-12-07,244.6199951171875,249.47999572753906,244.39999389648438,248.55999755859375,2667000
2017-12-08,250.5,250.67999267578125,247.1999969482422,250.35000610351562,1959100
2017-12-11,250.0,251.39999389648438,248.75999450683594,250.1300048828125,1494200
2017-12-12,250.80999755859375,258.20001220703125,250.69000244140625,257.67999267578125,3464200
2017-12-13,257.80999755859375,260.5,255.55999755859375,255.55999755859375,3482300
2017-12-14,257.1300048828125,259.54998779296875,255.47999572753906,255.47999572753906,3353200
2017-12-15,256.70001220703125,258.9700012207031,254.75999450683594,257.1700134277344,5283400
2017-12-18,260.0,262.0,259.1600036621094,260.0199890136719,2575600
2017-12-19,261.6000061035156,261.79998779296875,256.17999267578125,256.4800109863281,2195500
2017-12-20,258.8699951171875,259.0899963378906,254.5500030517578,255.17999267578125,2052400
2017-12-21,256.6099853515625,262.0899963378906,256.2799987792969,261.010009765625,3337800
2017-12-22,261.6600036621094,262.1400146484375,257.7200012207031,258.9700012207031,2100600
2017-12-26,258.19000244140625,259.20001220703125,256.0,257.7200012207031,1289300
2017-12-27,257.9800109863281,257.9800109863281,255.52000427246094,255.9499969482422,1567900
2017-12-28,256.9800109863281,257.0,255.10000610351562,256.5,1301000
2017-12-29,255.8699951171875,256.6499938964844,252.91000366210938,254.75999450683594,2519300
2018-01-02,257.7699890136719,257.9100036621094,253.9199981689453,255.6699981689453,2258300
2018-01-03,255.47999572753906,256.1400146484375,253.22000122070312,253.2899932861328,2988200
2018-01-04,255.22999572753906,259.7200012207031,254.32000732421875,256.8299865722656,2583200
2018-01-05,257.17999267578125,257.489990234375,253.69000244140625,255.52000427246094,2594700
2018-01-08,254.75,255.17999267578125,251.6199951171875,251.80999755859375,2940500
2018-01-09,252.8000030517578,255.60000610351562,252.6199951171875,253.94000244140625,2637300
2018-01-10,255.0,255.14999389648438,252.35000610351562,254.3300018310547,2927200
2018-01-11,255.75,255.88999938964844,252.97000122070312,255.1300048828125,2422400
2018-01-12,255.75,257.29998779296875,254.08999633789062,257.0299987792969,2849200
2018-01-16,259.25,261.7699890136719,256.3999938964844,258.4599914550781,4445500
2018-01-17,260.9800109863281,262.0,248.83999633789062,253.64999389648438,8608100
2018-01-18,254.49000549316406,254.5399932861328,250.60000610351562,250.97000122070312,4984500
2018-01-19,251.0,256.1400146484375,250.25999450683594,256.1199951171875,4643400
2018-01-22,255.4499969482422,262.8699951171875,255.19000244140625,261.5199890136719,5264700
2018-01-23,258.0,260.260009765625,256.8500061035156,260.0899963378906,4003600
2018-01-24,260.739990234375,265.7799987792969,260.29998779296875,265.67999267578125,4314000
2018-01-25,266.3500061035156,270.5,265.010009765625,269.0299987792969,5055000
2018-01-26,267.489990234375,269.0,266.04998779296875,268.1400146484375,3535400
2018-01-29,269.0400085449219,273.7900085449219,268.80999755859375,272.4800109863281,3881100
2018-01-30,270.3900146484375,272.0,267.1099853515625,268.94000244140625,3970400
2018-01-31,268.54998779296875,270.0,266.3299865722656,267.8900146484375,3710200
2018-02-01,266.1499938964844,272.5899963378906,266.0,272.2300109863281,3388200
2018-02-02,270.0,271.75,259.3500061035156,260.0400085449219,5913900
2018-02-05,257.510009765625,263.29998779296875,241.5,249.11000061035156,6528500
2018-02-06,244.2100067138672,258.75,242.11000061035156,258.70001220703125,6739900
2018-02-07,255.89999389648438,261.95001220703125,255.66000366210938,257.1000061035156,4125000
2018-02-08,257.92999267578125,258.7799987792969,246.0500030517578,246.35000610351562,4166200
2018-02-09,249.6199951171875,251.6699981689453,239.2899932861328,249.3000030517578,5978600
2018-02-12,251.14999389648438,256.1499938964844,248.82000732421875,253.16000366210938,3692500
2018-02-13,252.00999450683594,256.3999938964844,250.5800018310547,255.52999877929688,2700500
2018-02-14,255.0,262.7099914550781,254.47999572753906,262.5799865722656,3793800
2018-02-15,265.760009765625,268.0,262.9100036621094,267.67999267578125,3523100
2018-02-16,265.989990234375,269.2799987792969,265.8999938964844,267.6199951171875,2602500
2018-02-20,266.8900146484375,268.8500061035156,263.30999755859375,264.8900146484375,2618400
2018-02-21,263.9200134277344,270.0,263.1300048828125,263.3999938964844,3017900
2018-02-22,264.3999938964844,266.32000732421875,260.7200012207031,261.42999267578125,2678900
2018-02-23,263.0,266.9800109863281,262.3999938964844,266.7699890136719,2507100
2018-02-26,267.5,271.7799987792969,266.7699890136719,271.260009765625,2751400
2018-02-27,271.0,273.1199951171875,267.92999267578125,267.92999267578125,3140600
2018-02-28,269.1400146484375,269.489990234375,262.57000732421875,262.92999267578125,3104300
2018-03-01,262.6099853515625,263.54998779296875,256.20001220703125,256.7799987792969,3483500
2018-03-02,255.0,259.239990234375,252.10000610351562,258.1199951171875,3122800
2018-03-05,256.4599914550781,264.54998779296875,256.239990234375,263.1199951171875,2445800
2018-03-06,264.7699890136719,267.8699951171875,263.2099914550781,266.92999267578125,2217300
2018-03-07,262.69000244140625,266.42999267578125,260.95001220703125,265.3500061035156,2509400
2018-03-08,266.4800109863281,268.1000061035156,262.6300048828125,266.3399963378906,2565400
2018-03-09,268.70001220703125,271.0899963378906,267.0400085449219,270.7699890136719,4410600
2018-03-12,271.0,275.30999755859375,270.7699890136719,273.3800048828125,3065600
2018-03-13,274.3399963378906,275.0299987792969,267.44000244140625,268.5299987792969,2288100
2018-03-14,270.3999938964844,270.7799987792969,263.9100036621094,264.42999267578125,2478700
2018-03-15,265.7200012207031,269.0,265.3500061035156,266.6099853515625,2255200
2018-03-16,266.010009765625,269.8500061035156,265.3299865722656,267.6000061035156,4114400
2018-03-19,266.989990234375,267.5,259.4700012207031,262.5299987792969,2426900
2018-03-20,263.2900085449219,264.6400146484375,261.8900146484375,263.19000244140625,1514800
2018-03-21,263.010009765625,266.489990234375,260.30999755859375,261.8500061035156,2817600
2018-03-22,258.4200134277344,260.82000732421875,252.17999267578125,252.60000610351562,4489300
2018-03-23,253.6300048828125,253.99000549316406,244.92999267578125,245.25999450683594,3634200
2018-03-26,250.64999389648438,255.36000061035156,248.4499969482422,254.8800048828125,3787200
2018-03-27,255.88999938964844,257.05999755859375,245.61000061035156,247.25999450683594,2981500
2018-03-28,248.77999877929688,251.22999572753906,244.3699951171875,249.3699951171875,2660200
2018-03-29,250.7899932861328,252.97999572753906,248.3300018310547,251.86000061035156,3073900
2018-04-02,251.25999450683594,252.60000610351562,243.77000427246094,247.35000610351562,3429900
2018-04-03,248.61000061035156,250.88999938964844,245.89999389648438,250.5800018310547,2488200
2018-04-04,245.7100067138672,253.22000122070312,244.50999450683594,252.6199951171875,2853200
2018-04-05,254.5,258.0,253.39999389648438,255.80999755859375,1924800
2018-04-06,251.47999572753906,255.33999633789062,246.67999267578125,249.97000122070312,3621900
2018-04-09,251.47999572753906,257.5,249.1699981689453,252.19000244140625,3256700
2018-04-10,257.9599914550781,259.8900146484375,255.9499969482422,256.57000732421875,3113900
2018-04-11,252.58999633789062,254.8300018310547,249.7899932861328,252.94000244140625,3322000
2018-04-12,256.2699890136719,260.7300109863281,255.11000061035156,259.5899963378906,3059100
2018-04-13,261.94000244140625,262.5,254.5399932861328,255.9199981689453,3026200
2018-04-16,257.1300048828125,260.6600036621094,256.6600036621094,257.8800048828125,3257400
2018-04-17,261.6000061035156,262.25,252.33999633789062,253.6300048828125,10134400
2018-04-18,254.89999389648438,257.0199890136719,252.25,254.0,4524800
2018-04-19,254.0,256.1600036621094,252.8300018310547,254.1699981689453,3990000
2018-04-20,254.10000610351562,255.67999267578125,251.47999572753906,251.9600067138672,2930600
2018-04-23,251.66000366210938,252.75,246.19000244140625,246.6699981689453,3775900
2018-04-24,248.82000732421875,249.14999389648438,240.0399932861328,242.49000549316406,4705100
2018-04-25,242.19000244140625,242.4600067138672,237.50999450683594,239.22999572753906,5041400
2018-04-26,239.27000427246094,241.66000366210938,238.00999450683594,240.08999633789062,2891100
2018-04-27,240.0,241.92999267578125,239.02000427246094,239.8000030517578,2136800
2018-04-30,240.97000122070312,243.07000732421875,238.22000122070312,238.3300018310547,2790500
2018-05-01,237.50999450683594,237.89999389648438,233.9600067138672,236.6699981689453,3269800
2018-05-02,236.60000610351562,237.91000366210938,233.4199981689453,234.0500030517578,3710900
2018-05-03,232.4499969482422,234.0,227.39999389648438,233.41000366210938,4511400
2018-05-04,232.30999755859375,236.7899932861328,232.27999877929688,234.94000244140625,2622300
2018-05-07,236.0,238.1699981689453,235.27999877929688,237.1999969482422,1979400
2018-05-08,238.24000549316406,240.66000366210938,236.0,237.0,3267000
2018-05-09,237.97999572753906,242.0500030517578,237.25,241.72999572753906,2434000
2018-05-10,242.11000061035156,245.4199981689453,240.16000366210938,243.44000244140625,2599000
2018-05-11,243.44000244140625,244.91000366210938,241.7100067138672,242.9199981689453,1540100
2018-05-14,243.60000610351562,245.8800048828125,243.5,243.91000366210938,1928500
2018-05-15,243.0,243.9499969482422,240.6699981689453,241.55999755859375,2165700
2018-05-16,241.27000427246094,241.83999633789062,240.58999633789062,240.9600067138672,1965200
2018-05-17,240.4199981689453,242.44000244140625,238.77999877929688,239.10000610351562,2462700
2018-05-18,238.10000610351562,238.74000549316406,236.8699951171875,237.0,2699000
2018-05-21,239.10000610351562,240.07000732421875,237.32000732421875,237.6999969482422,1951700
2018-05-22,238.6999969482422,240.6999969482422,237.97999572753906,238.0,2551500
2018-05-23,236.8800048828125,237.8699951171875,234.3800048828125,237.80999755859375,3114000
2018-05-24,236.60000610351562,237.1699981689453,233.64999389648438,236.10000610351562,2308700
2018-05-25,235.0,236.1199951171875,234.27999877929688,235.00999450683594,1985600
2018-05-29,231.52000427246094,232.47000122070312,225.02000427246094,227.02999877929688,5323600
2018-05-30,228.94000244140625,229.6699981689453,226.27999877929688,229.16000366210938,3348600
2018-05-31,227.33999633789062,228.11000061035156,224.08999633789062,225.8800048828125,5334900
2018-06-01,228.39999389648438,230.25,228.08999633789062,228.35000610351562,3330900
2018-06-04,230.35000610351562,231.14999389648438,228.9499969482422,229.88999938964844,2133600
2018-06-05,228.94000244140625,229.33999633789062,227.2899932861328,228.33999633789062,1986200
2018-06-06,229.85000610351562,232.5800018310547,229.36000061035156,232.22999572753906,2566400
2018-06-07,233.88999938964844,235.9199981689453,232.5399932861328,233.4499969482422,2905000
2018-06-08,233.0,234.27000427246094,232.35000610351562,233.38999938964844,2253100
2018-06-11,234.6199951171875,235.16000366210938,233.58999633789062,234.08999633789062,1936800
2018-06-12,234.1199951171875,235.22999572753906,231.86000061035156,232.6300048828125,2080000
2018-06-13,233.64999389648438,238.22999572753906,233.10000610351562,233.8300018310547,3637400
2018-06-14,235.8699951171875,235.88999938964844,232.58999633789062,233.64999389648438,2899600
2018-06-15,231.5,233.14999389648438,229.83999633789062,231.9199981689453,4738100
2018-06-18,230.1999969482422,231.6699981689453,229.14999389648438,231.38999938964844,2327500
2018-06-19,228.22000122070312,229.0399932861328,226.16000366210938,228.32000732421875,3326600
2018-06-20,229.9199981689453,229.94000244140625,226.9600067138672,227.82000732421875,2678300
2018-06-21,226.38999938964844,228.42999267578125,224.57000732421875,226.97999572753906,3094600
2018-06-22,227.77999877929688,230.5,225.5800018310547,226.02000427246094,2731800
2018-06-25,224.5,225.13999938964844,220.38999938964844,221.5399932861328,3817700
2018-06-26,221.77999877929688,222.8000030517578,219.1199951171875,221.5800018310547,2692900
2018-06-27,221.47999572753906,225.47000122070312,220.13999938964844,220.17999267578125,3104200
2018-06-28,220.25,224.66000366210938,219.5800018310547,223.4199981689453,3072600
2018-06-29,224.39999389648438,225.1699981689453,220.4499969482422,220.57000732421875,3393700
2018-07-02,219.75,223.33999633789062,218.88999938964844,223.25999450683594,1723200
2018-07-03,224.4600067138672,224.63999938964844,219.99000549316406,220.3800048828125,1204400
2018-07-05,221.5,222.13999938964844,219.77999877929688,220.74000549316406,2218200
2018-07-06,220.5399932861328,223.1999969482422,219.8800048828125,221.7899932861328,1846400
2018-07-09,223.36000061035156,228.1999969482422,223.0,227.99000549316406,2743900
2018-07-10,228.0,228.8699951171875,225.85000610351562,226.85000610351562,2524800
2018-07-11,225.75999450683594,227.25,225.1999969482422,225.66000366210938,2527000
2018-07-12,227.63999938964844,227.8000030517578,225.77000427246094,227.22000122070312,2223100
2018-07-13,226.6300048828125,228.6199951171875,223.92999267578125,226.41000366210938,2541500
2018-07-16,227.1999969482422,231.44000244140625,226.74000549316406,231.44000244140625,3271200
2018-07-17,231.47999572753906,233.22999572753906,226.8699951171875,231.02000427246094,9280200
2018-07-18,232.33999633789062,233.72000122070312,230.14999389648438,231.24000549316406,6149900
2018-07-19,231.11000061035156,231.99000549316406,228.97999572753906,229.6300048828125,4638500
2018-07-20,229.00999450683594,232.0500030517578,228.8000030517578,231.69000244140625,2683500
2018-07-23,231.8000030517578,234.86000061035156,231.72000122070312,233.75999450683594,2788500
2018-07-24,234.75,237.47999572753906,234.33999633789062,235.8800048828125,2887400
2018-07-25,235.00999450683594,236.85000610351562,233.9499969482422,236.69000244140625,2181500
2018-07-26,237.0,238.33999633789062,236.42999267578125,237.11000061035156,1885500
2018-07-27,237.9600067138672,238.8000030517578,235.99000549316406,237.63999938964844,1998200
2018-07-30,238.0,239.72999572753906,236.88999938964844,238.9499969482422,2454100
2018-07-31,239.5,239.5,236.5500030517578,237.42999267578125,2503700
2018-08-01,238.5,239.39999389648438,235.77999877929688,236.0399932861328,2510500
2018-08-02,233.92999267578125,235.2100067138672,232.77000427246094,233.99000549316406,2579700
2018-08-03,234.44000244140625,235.52000427246094,233.49000549316406,234.08999633789062,3053100
2018-08-06,234.13999938964844,236.97999572753906,234.02999877929688,235.92999267578125,2259600
2018-08-07,237.25,239.4600067138672,236.49000549316406,237.8300018310547,2399500
2018-08-08,238.1199951171875,239.16000366210938,236.22999572753906,236.3699951171875,2522400
2018-08-09,236.35000610351562,236.85000610351562,233.38999938964844,233.77999877929688,2951900
2018-08-10,230.97000122070312,231.4600067138672,228.11000061035156,229.61000061035156,3863400
2018-08-13,229.49000549316406,229.88999938964844,226.57000732421875,226.86000061035156,2662700
2018-08-14,227.35000610351562,230.3699951171875,227.3000030517578,229.55999755859375,2359000
2018-08-15,229.35000610351562,231.5399932861328,228.30999755859375,229.25,3218500
2018-08-16,230.6699981689453,233.2899932861328,230.4499969482422,233.0,2438300
2018-08-17,232.50999450683594,233.72000122070312,231.63999938964844,233.3800048828125,2107200
2018-08-20,234.1300048828125,235.97999572753906,234.0800018310547,235.77999877929688,2604900
2018-08-21,235.2899932861328,239.52999877929688,235.2899932861328,238.64999389648438,2437300
2018-08-22,237.88999938964844,239.6699981689453,237.5800018310547,239.33999633789062,1870900
2018-08-23,239.0500030517578,239.27999877929688,235.83999633789062,236.33999633789062,2064700
2018-08-24,237.36000061035156,237.8000030517578,234.6999969482422,235.11000061035156,1948100
2018-08-27,236.99000549316406,243.64999389648438,236.55999755859375,242.60000610351562,4106900
2018-08-28,243.05999755859375,245.0800018310547,241.58999633789062,242.3699951171875,2951000
2018-08-29,242.0500030517578,242.7899932861328,240.30999755859375,241.39999389648438,1911700
2018-08-30,240.8000030517578,241.1199951171875,238.67999267578125,239.39999389648438,1963700
2018-08-31,238.94000244140625,239.35000610351562,237.1199951171875,237.80999755859375,1965500
2018-09-04,237.75999450683594,238.1199951171875,234.58999633789062,237.66000366210938,2083500
2018-09-05,237.00999450683594,239.4499969482422,236.1699981689453,237.55999755859375,2092000
2018-09-06,237.0,238.6300048828125,233.8800048828125,234.52000427246094,2651400
2018-09-07,235.0500030517578,235.63999938964844,232.67999267578125,233.91000366210938,1952900
2018-09-10,235.00999450683594,235.5,231.74000549316406,231.91000366210938,1948100
2018-09-11,230.6699981689453,231.64999389648438,228.66000366210938,230.2100067138672,2719400
2018-09-12,230.91000366210938,231.99000549316406,227.3000030517578,228.14999389648438,3577700
2018-09-13,229.5,229.85000610351562,227.57000732421875,228.3300018310547,3003600
2018-09-14,229.0800018310547,230.5500030517578,228.75999450683594,229.24000549316406,2228300
2018-09-17,229.39999389648438,230.16000366210938,227.3000030517578,227.88999938964844,1918800
2018-09-18,228.35000610351562,229.39999389648438,226.57000732421875,228.88999938964844,2498100
2018-09-19,229.89999389648438,236.27999877929688,229.52000427246094,235.5800018310547,3716500
2018-09-20,237.0,238.50999450683594,236.02999877929688,237.39999389648438,2503000
2018-09-21,238.05999755859375,238.52000427246094,234.8300018310547,235.33999633789062,3760300
2018-09-24,234.74000549316406,235.74000549316406,232.24000549316406,232.89999389648438,2057000
2018-09-25,234.63999938964844,234.63999938964844,232.22999572753906,232.5,2003200
2018-09-26,232.9600067138672,233.0,228.24000549316406,228.8800048828125,2372700
2018-09-27,228.77000427246094,229.85000610351562,227.52000427246094,227.74000549316406,2451500
2018-09-28,225.75,227.39999389648438,223.8000030517578,224.24000549316406,3097800
2018-10-01,226.22000122070312,227.58999633789062,225.0,225.3300018310547,2451300
2018-10-02,225.27999877929688,226.3300018310547,223.97000122070312,226.07000732421875,2272700
2018-10-03,227.75,229.77000427246094,226.5800018310547,227.77999877929688,2573900
2018-10-04,229.25999450683594,231.39999389648438,225.38999938964844,227.47999572753906,2903600
2018-10-05,228.0,228.41000366210938,224.2100067138672,225.7100067138672,1722400
2018-10-08,224.25999450683594,226.9199981689453,222.5,225.35000610351562,2522900
2018-10-09,224.99000549316406,225.1199951171875,222.52999877929688,222.91000366210938,1862900
2018-10-10,223.24000549316406,223.63999938964844,214.55999755859375,214.88999938964844,3955500
2018-10-11,214.1999969482422,216.02999877929688,210.9499969482422,212.97000122070312,6217400
2018-10-12,217.0,217.97999572753906,211.4600067138672,213.8699951171875,4161300
2018-10-15,214.4499969482422,217.13999938964844,213.0500030517578,215.22000122070312,3333800
2018-10-16,219.35000610351562,222.0,216.3000030517578,221.6999969482422,5924200
2018-10-17,220.52999877929688,228.89999389648438,220.0500030517578,228.27999877929688,4953700
2018-10-18,227.5,228.72999572753906,223.86000061035156,224.9499969482422,2995400
2018-10-19,225.25999450683594,228.3000030517578,224.19000244140625,226.9600067138672,2759100
2018-10-22,226.92999267578125,228.8699951171875,221.52000427246094,221.60000610351562,2736800
2018-10-23,216.58999633789062,219.52000427246094,214.32000732421875,218.55999755859375,3318200
2018-10-24,218.13999938964844,218.92999267578125,208.39999389648438,209.17999267578125,4152700
2018-10-25,211.27000427246094,215.69000244140625,210.33999633789062,214.00999450683594,3179700
2018-10-26,210.72999572753906,214.8000030517578,209.52999877929688,212.36000061035156,3557900
2018-10-29,214.14999389648438,218.2100067138672,212.0500030517578,214.49000549316406,3278200
2018-10-30,215.99000549316406,220.35000610351562,215.0399932861328,219.27999877929688,3897400
2018-10-31,221.88999938964844,229.0,221.39999389648438,225.3699951171875,4369600
2018-11-01,225.75999450683594,228.8800048828125,225.47000122070312,226.97000122070312,2557600
2018-11-02,230.0,231.69000244140625,226.2899932861328,229.69000244140625,3699000
2018-11-05,228.32000732421875,231.10000610351562,226.9499969482422,228.72000122070312,2565200
2018-11-06,228.19000244140625,229.52000427246094,227.0500030517578,228.1999969482422,2275600
2018-11-07,230.0500030517578,232.8000030517578,226.89999389648438,231.27999877929688,3514300
2018-11-08,231.0,234.05999755859375,230.60000610351562,231.64999389648438,2404800
2018-11-09,231.69000244140625,231.69000244140625,222.3000030517578,222.64999389648438,3721700
2018-11-12,222.0,222.30999755859375,205.1300048828125,206.0500030517578,11019400
2018-11-13,204.39999389648438,209.58999633789062,202.3300018310547,205.0500030517578,6984800
2018-11-14,206.24000549316406,207.33999633789062,198.44000244140625,202.49000549316406,5742500
2018-11-15,201.8000030517578,204.5,199.32000732421875,203.74000549316406,4260000
2018-11-16,202.92999267578125,204.74000549316406,200.35000610351562,202.1199951171875,2829600
2018-11-19,201.8300018310547,202.3000030517578,197.35000610351562,198.22000122070312,3419100
2018-11-20,195.10000610351562,195.88999938964844,190.35000610351562,191.33999633789062,5513800
2018-11-21,192.08999633789062,195.24000549316406,191.19000244140625,192.60000610351562,4111700
2018-11-23,191.61000061035156,191.8699951171875,188.94000244140625,189.10000610351562,1862600
2018-11-26,191.1699981689453,195.22999572753906,190.69000244140625,194.33999633789062,3143300
2018-11-27,193.39999389648438,194.6199951171875,191.55999755859375,193.64999389648438,2345400
2018-11-28,194.83999633789062,198.4499969482422,192.22999572753906,198.35000610351562,3762900
2018-11-29,196.02000427246094,197.4499969482422,193.16000366210938,194.85000610351562,2665700
2018-11-30,190.57000732421875,191.4499969482422,188.1199951171875,190.69000244140625,6220000
2018-12-03,194.0,195.66000366210938,191.6199951171875,191.6300048828125,4017000
2018-12-04,190.69000244140625,191.11000061035156,183.6300048828125,184.30999755859375,5797500
2018-12-06,181.3300018310547,184.8800048828125,180.14999389648438,184.08999633789062,5275500
2018-12-07,183.85000610351562,186.25,179.0,179.6699981689453,3921200
2018-12-10,178.60000610351562,179.83999633789062,174.67999267578125,178.8300018310547,4528300
2018-12-11,182.14999389648438,184.42999267578125,175.4499969482422,176.8000030517578,4713900
2018-12-12,178.5,180.0,176.47999572753906,176.6999969482422,3677300
2018-12-13,177.8300018310547,178.69000244140625,175.1199951171875,175.9199981689453,4008600
2018-12-14,174.33999633789062,176.25999450683594,172.3699951171875,172.77000427246094,5078300
2018-12-17,169.39999389648438,171.42999267578125,166.52999877929688,168.00999450683594,8395800
2018-12-18,169.77999877929688,173.02000427246094,169.32000732421875,171.5,5150800
2018-12-19,171.58999633789062,174.85000610351562,167.60000610351562,169.25,5316100
2018-12-20,168.38999938964844,171.64999389648438,167.16000366210938,168.41000366210938,6488200
2018-12-21,168.25,169.6300048828125,159.4199981689453,160.0500030517578,8960000
2018-12-24,159.0,160.0,154.30999755859375,156.35000610351562,3783500
2018-12-26,157.0,163.11000061035156,151.6999969482422,162.92999267578125,7054700
2018-12-27,160.1199951171875,165.41000366210938,159.02000427246094,165.41000366210938,4973000
2018-12-28,165.63999938964844,165.9499969482422,162.02000427246094,163.02999877929688,4110500
2018-12-31,163.77999877929688,167.1199951171875,163.77999877929688,167.0500030517578,4550000
2019-01-02,164.3300018310547,172.25,163.35000610351562,172.02999877929688,3999400
2019-01-03,170.66000366210938,171.77000427246094,168.2899932861328,169.50999450683594,4060200
2019-01-04,172.99000549316406,176.0,171.10000610351562,175.0500030517578,3788300
2019-01-07,175.22999572753906,177.8300018310547,172.27000427246094,176.02000427246094,3152100
2019-01-08,177.77999877929688,178.10000610351562,172.89999389648438,175.3699951171875,2692700
2019-01-09,176.10000610351562,177.69000244140625,174.91000366210938,176.47000122070312,3321400
2019-01-10,175.66000366210938,178.07000732421875,175.5,176.0,2808700
2019-01-11,175.10000610351562,177.0399932861328,172.4199981689453,176.92999267578125,3182700
2019-01-14,174.52000427246094,179.5399932861328,174.10000610351562,178.72000122070312,3361700
2019-01-15,178.32000732421875,179.99000549316406,176.39999389648438,179.91000366210938,2911800
2019-01-16,187.0,198.14999389648438,185.60000610351562,197.0800018310547,15194200
2019-01-17,195.9499969482422,199.8000030517578,192.8300018310547,199.08999633789062,8177000
2019-01-18,200.3800048828125,203.0,196.91000366210938,202.5399932861328,5650900
2019-01-22,200.5,201.47000122070312,195.9199981689453,197.67999267578125,4648500
2019-01-23,197.5500030517578,198.08999633789062,194.52999877929688,196.89999389648438,3410700
2019-01-24,196.22000122070312,199.67999267578125,195.75999450683594,197.8000030517578,2631800
2019-01-25,199.8300018310547,201.19000244140625,199.4199981689453,200.74000549316406,3275000
2019-01-28,197.99000549316406,200.07000732421875,197.10000610351562,199.72000122070312,2369600
2019-01-29,199.0,201.97000122070312,197.8699951171875,200.5,2694100
2019-01-30,200.89999389648438,203.2899932861328,199.64999389648438,202.47999572753906,2773300
2019-01-31,200.10000610351562,202.35000610351562,196.9499969482422,198.00999450683594,5604500
2019-02-01,198.0,199.63999938964844,196.5399932861328,196.5399932861328,3174200
2019-02-04,195.8000030517578,197.75999450683594,194.7899932861328,197.72000122070312,2400200
2019-02-05,198.1199951171875,199.3300018310547,196.86000061035156,198.00999450683594,2601000
2019-02-06,197.17999267578125,199.05999755859375,195.8300018310547,196.6199951171875,2063100
2019-02-07,195.27999877929688,195.8800048828125,191.0500030517578,193.07000732421875,2948800
2019-02-08,191.72000122070312,192.6199951171875,188.22000122070312,191.6699981689453,2757500
2019-02-11,192.8800048828125,193.32000732421875,191.07000732421875,191.3300018310547,2056500
2019-02-12,193.0500030517578,195.64999389648438,193.0,194.49000549316406,2392900
2019-02-13,195.9199981689453,198.77999877929688,194.60000610351562,194.69000244140625,2757300
2019-02-14,192.2100067138672,194.1300048828125,189.44000244140625,192.52999877929688,2865000
2019-02-15,193.2100067138672,198.88999938964844,193.10000610351562,198.5,3065400
2019-02-19,196.66000366210938,199.05999755859375,195.61000061035156,198.6699981689453,2558200
2019-02-20,198.72999572753906,199.3000030517578,197.50999450683594,198.60000610351562,2266000
2019-02-21,198.97000122070312,199.4499969482422,195.0500030517578,196.36000061035156,2785900
2019-02-22,196.60000610351562,197.75,195.1999969482422,196.0,2626600
2019-02-25,198.0,201.5,197.7100067138672,198.64999389648438,3032200
2019-02-26,198.47000122070312,200.55999755859375,196.5500030517578,198.89999389648438,2499800
2019-02-27,198.5,199.88999938964844,197.1199951171875,198.10000610351562,1804200
2019-02-28,198.0399932861328,198.39999389648438,196.00999450683594,196.6999969482422,2964300
2019-03-01,198.75,201.44000244140625,197.42999267578125,198.1999969482422,2580500
2019-03-04,198.80999755859375,200.8300018310547,194.14999389648438,195.97999572753906,2683600
2019-03-05,195.85000610351562,196.17999267578125,193.0,196.0,2338600
2019-03-06,195.89999389648438,197.55999755859375,194.52999877929688,194.74000549316406,2247500
2019-03-07,193.1300048828125,193.4499969482422,190.0800018310547,192.77000427246094,3567800
2019-03-08,190.39999389648438,195.77000427246094,189.7100067138672,195.24000549316406,3162700
2019-03-11,197.22999572753906,198.97000122070312,195.72999572753906,195.97000122070312,2669000
2019-03-12,196.0,197.39999389648438,195.69000244140625,196.6300048828125,1977400
2019-03-13,197.75,198.92999267578125,196.52000427246094,197.25,1904500
2019-03-14,197.32000732421875,198.5,196.6999969482422,197.47000122070312,1482300
2019-03-15,197.16000366210938,198.85000610351562,196.85000610351562,198.25999450683594,2985200
2019-03-18,199.17999267578125,203.85000610351562,198.9199981689453,202.47000122070312,3354900
2019-03-19,204.8800048828125,206.4499969482422,200.77999877929688,201.1199951171875,3284900
2019-03-20,200.3300018310547,200.3300018310547,193.97000122070312,194.32000732421875,5033500
2019-03-21,192.89999389648438,195.5500030517578,191.75,194.5800018310547,4031500
2019-03-22,192.6699981689453,193.7100067138672,187.77999877929688,188.9600067138672,5703100
2019-03-25,189.3300018310547,191.4499969482422,186.5,188.50999450683594,3751000
2019-03-26,190.02999877929688,192.41000366210938,188.69000244140625,190.69000244140625,2910100
2019-03-27,190.60000610351562,191.61000061035156,188.74000549316406,190.02999877929688,2343800
2019-03-28,190.74000549316406,191.91000366210938,189.2899932861328,191.17999267578125,2343400
2019-03-29,192.67999267578125,193.11000061035156,191.13999938964844,191.99000549316406,2632800
2019-04-01,194.0,198.08999633789062,193.61000061035156,196.74000549316406,3562600
2019-04-02,196.24000549316406,197.75999450683594,195.39999389648438,197.5,2247000
2019-04-03,199.25,201.08999633789062,198.5399932861328,200.86000061035156,3227900
2019-04-04,200.8000030517578,204.2899932861328,200.5,202.22999572753906,2582300
2019-04-05,203.3800048828125,205.5,202.05999755859375,202.3800048828125,2447100
2019-04-08,202.7899932861328,203.6300048828125,201.17999267578125,202.5399932861328,1891500
2019-04-09,201.22999572753906,201.58999633789062,198.86000061035156,200.6199951171875,2400900
2019-04-10,201.8000030517578,203.1699981689453,200.27000427246094,202.97999572753906,1907100
2019-04-11,204.22999572753906,205.4499969482422,201.57000732421875,202.8300018310547,2802100
2019-04-12,207.0,209.97000122070312,206.3699951171875,207.83999633789062,5096600
2019-04-15,204.11000061035156,205.74000549316406,199.6999969482422,199.91000366210938,6617200
2019-04-16,199.6199951171875,202.94000244140625,199.24000549316406,201.83999633789062,4852600
2019-04-17,201.9600067138672,208.5,201.77999877929688,207.89999389648438,4195300
2019-04-18,207.08999633789062,207.86000061035156,205.14999389648438,205.91000366210938,2874300
2019-04-22,205.1199951171875,205.58999633789062,204.13999938964844,204.60000610351562,1591400
2019-04-23,204.25,205.19000244140625,202.74000549316406,204.13999938964844,2120900
2019-04-24,203.0,203.52000427246094,199.72999572753906,200.5399932861328,4606100
2019-04-25,199.6999969482422,202.55999755859375,199.10000610351562,201.39999389648438,2075300
2019-04-26,201.72999572753906,203.1199951171875,200.32000732421875,203.0800018310547,1543100
2019-04-29,203.5,208.0,203.27000427246094,206.9199981689453,2997000
2019-04-30,206.94000244140625,207.99000549316406,204.14999389648438,205.9199981689453,1833000
2019-05-01,206.39999389648438,208.41000366210938,204.02999877929688,204.72999572753906,1981800
2019-05-02,204.42999267578125,206.22000122070312,203.1199951171875,204.99000549316406,1514700
2019-05-03,206.00999450683594,208.75,205.6699981689453,207.52000427246094,1897600
2019-05-06,202.8000030517578,206.97999572753906,201.7100067138672,206.42999267578125,1927800
2019-05-07,203.33999633789062,204.0,201.00999450683594,202.6300048828125,2839500
2019-05-08,201.39999389648438,203.1999969482422,200.8000030517578,200.9499969482422,1817600
2019-05-09,199.50999450683594,202.22000122070312,197.91000366210938,201.6300048828125,2333400
2019-05-10,200.97999572753906,202.10000610351562,198.99000549316406,202.0500030517578,2089400
2019-05-13,197.89999389648438,197.89999389648438,194.0,194.97000122070312,3605600
2019-05-14,194.99000549316406,198.1300048828125,194.89999389648438,196.27999877929688,2463300
2019-05-15,194.63999938964844,197.58999633789062,193.4199981689453,196.39999389648438,2271100
2019-05-16,196.6300048828125,200.0,196.6199951171875,199.13999938964844,2008100
2019-05-17,196.3000030517578,199.08999633789062,196.3000030517578,197.42999267578125,1928300
2019-05-20,197.08999633789062,197.77999877929688,195.57000732421875,197.24000549316406,2483400
2019-05-21,198.66000366210938,199.32000732421875,198.0,199.11000061035156,2327600
2019-05-22,197.44000244140625,198.47999572753906,195.4600067138672,195.52000427246094,2427200
2019-05-23,193.0,193.0,189.55999755859375,191.97000122070312,3184100
2019-05-24,192.88999938964844,194.07000732421875,191.67999267578125,193.0,1637200
2019-05-28,192.0,193.30999755859375,189.38999938964844,189.44000244140625,3040000
2019-05-29,187.74000549316406,188.64999389648438,184.9199981689453,188.0500030517578,2815800
2019-05-30,188.08999633789062,189.3699951171875,186.00999450683594,187.3699951171875,1919300
2019-05-31,184.77000427246094,184.88999938964844,182.30999755859375,182.49000549316406,2640100
2019-06-03,181.6999969482422,183.49000549316406,180.72999572753906,183.19000244140625,2857800
2019-06-04,186.17999267578125,189.99000549316406,185.7100067138672,189.8800048828125,2420800
2019-06-05,190.10000610351562,190.16000366210938,187.00999450683594,188.44000244140625,1967800
2019-06-06,188.05999755859375,190.74000549316406,187.30999755859375,189.80999755859375,1653500
2019-06-07,189.8800048828125,190.61000061035156,188.52000427246094,189.80999755859375,1838600
2019-06-10,191.39999389648438,197.0,191.39999389648438,194.1199951171875,2372000
2019-06-11,195.3000030517578,196.1199951171875,193.50999450683594,194.72999572753906,1632200
2019-06-12,193.61000061035156,194.0500030517578,189.8300018310547,190.22000122070312,2059400
2019-06-13,190.41000366210938,192.25,190.07000732421875,191.4499969482422,1411400
2019-06-14,191.2899932861328,192.1699981689453,189.30999755859375,191.66000366210938,1403900
2019-06-17,192.02000427246094,193.22999572753906,190.74000549316406,190.8300018310547,1155600
2019-06-18,190.6699981689453,197.1300048828125,190.6699981689453,194.97999572753906,2363000
2019-06-19,195.35000610351562,197.61000061035156,194.7899932861328,195.63999938964844,2196800
2019-06-20,197.5,198.19000244140625,193.61000061035156,195.6999969482422,2749300
2019-06-21,195.33999633789062,198.33999633789062,193.97000122070312,195.94000244140625,3365500
2019-06-24,196.52999877929688,199.35000610351562,196.02999877929688,197.49000549316406,2069800
2019-06-25,197.5,197.52000427246094,194.00999450683594,196.05999755859375,1828300
2019-06-26,196.5,197.8699951171875,196.1199951171875,197.00999450683594,1649900
2019-06-27,197.57000732421875,199.61000061035156,196.75999450683594,199.32000732421875,2239200
2019-06-28,203.5,205.83999633789062,202.94000244140625,204.60000610351562,4854900
2019-07-01,208.0,209.85000610351562,205.74000549316406,206.86000061035156,2465700
2019-07-02,205.39999389648438,206.30999755859375,204.16000366210938,205.97999572753906,1621400
2019-07-03,207.3000030517578,207.39999389648438,205.22999572753906,206.0399932861328,978800
2019-07-05,206.86000061035156,208.75999450683594,206.1999969482422,207.89999389648438,1511400
2019-07-08,206.36000061035156,207.25,204.7100067138672,205.75,1853900
2019-07-09,203.75,207.94000244140625,203.5399932861328,207.77000427246094,1812100
2019-07-10,207.17999267578125,208.99000549316406,205.64999389648438,205.97000122070312,1779800
2019-07-11,206.1999969482422,212.58999633789062,206.0,211.35000610351562,3691600
2019-07-12,212.0,214.19000244140625,210.7899932861328,213.94000244140625,2626000
2019-07-15,214.11000061035156,214.60000610351562,209.7899932861328,211.5800018310547,2600200
2019-07-16,214.8000030517578,217.3300018310547,212.5500030517578,215.52000427246094,5283700
2019-07-17,213.8300018310547,215.77999877929688,213.16000366210938,213.3000030517578,2583500
2019-07-18,212.7100067138672,215.8300018310547,211.75,214.52000427246094,2858100
2019-07-19,214.02000427246094,215.77000427246094,213.35000610351562,213.52000427246094,1822300
2019-07-22,213.39999389648438,214.86000061035156,212.30999755859375,214.0,1907100
2019-07-23,214.9499969482422,220.0,214.9499969482422,219.42999267578125,3330600
2019-07-24,219.25,222.08999633789062,218.6300048828125,222.02999877929688,3180000
2019-07-25,221.77000427246094,221.77000427246094,218.22999572753906,219.97999572753906,2776700
2019-07-26,220.4499969482422,222.24000549316406,220.3699951171875,222.13999938964844,2304500
2019-07-29,221.0,222.1300048828125,220.1999969482422,220.32000732421875,1372800
2019-07-30,218.49000549316406,221.99000549316406,217.3300018310547,221.39999389648438,1644600
2019-07-31,221.24000549316406,221.97999572753906,219.00999450683594,220.1300048828125,1991100
2019-08-01,219.35000610351562,219.9499969482422,210.75999450683594,211.60000610351562,3070100
2019-08-02,211.5800018310547,211.5800018310547,205.30999755859375,209.3699951171875,2503000
2019-08-05,205.82000732421875,205.82000732421875,199.5800018310547,201.67999267578125,2794200
2019-08-06,203.55999755859375,206.07000732421875,200.88999938964844,206.00999450683594,2349400
2019-08-07,201.11000061035156,205.9600067138672,199.0500030517578,205.74000549316406,2454200
2019-08-08,207.1699981689453,207.8000030517578,203.5399932861328,207.0,2342200
2019-08-09,205.6199951171875,208.3000030517578,203.86000061035156,206.89999389648438,1790100
2019-08-12,203.27999877929688,204.14999389648438,200.47999572753906,201.52000427246094,1479300
2019-08-13,201.50999450683594,206.60000610351562,200.22999572753906,204.11000061035156,2115900
2019-08-14,199.8000030517578,199.91000366210938,195.05999755859375,195.55999755859375,3025100
2019-08-15,195.91000366210938,196.97000122070312,193.7100067138672,196.17999267578125,1981900
2019-08-16,197.02999877929688,200.6699981689453,197.0,199.4199981689453,1878700
2019-08-19,203.80999755859375,204.4499969482422,201.82000732421875,202.1999969482422,1646100
2019-08-20,200.2100067138672,201.99000549316406,199.6999969482422,199.97999572753906,1545600
2019-08-21,202.74000549316406,203.02000427246094,200.1699981689453,200.67999267578125,1160800
2019-08-22,202.27999877929688,203.4499969482422,200.91000366210938,202.4199981689453,1275900
2019-08-23,200.80999755859375,201.8800048828125,195.19000244140625,196.1999969482422,2200500
2019-08-26,198.27000427246094,199.7100067138672,198.0,199.64999389648438,1441900
2019-08-27,200.3300018310547,200.86000061035156,196.5,198.07000732421875,1513300
2019-08-28,196.57000732421875,201.47000122070312,196.25,200.4199981689453,1437800
2019-08-29,201.36000061035156,204.3699951171875,201.36000061035156,203.44000244140625,1816800
2019-08-30,204.85000610351562,205.2100067138672,203.00999450683594,203.91000366210938,1529600
2019-09-03,201.10000610351562,201.61000061035156,196.5800018310547,198.97000122070312,2633600
2019-09-04,201.49000549316406,202.10000610351562,200.0500030517578,201.72999572753906,1720600
2019-09-05,205.27000427246094,208.92999267578125,205.0399932861328,207.0500030517578,2237900
2019-09-06,207.05999755859375,208.25,205.57000732421875,207.2100067138672,1438800
2019-09-09,209.22000122070312,213.8800048828125,208.44000244140625,211.97999572753906,2734500
2019-09-10,213.5,217.08999633789062,213.22000122070312,215.6300048828125,2615800
2019-09-11,215.2100067138672,216.85000610351562,213.36000061035156,216.8000030517578,1886300
2019-09-12,216.3800048828125,220.75999450683594,215.14999389648438,218.74000549316406,2913800
2019-09-13,220.35000610351562,221.5,219.1999969482422,219.89999389648438,2722400
2019-09-16,217.82000732421875,219.3300018310547,216.32000732421875,217.22000122070312,2205500
2019-09-17,215.8000030517578,216.13999938964844,212.5399932861328,215.91000366210938,2429100
2019-09-18,214.8300018310547,217.88999938964844,213.3000030517578,217.0800018310547,2474900
2019-09-19,217.5800018310547,217.92999267578125,215.05999755859375,215.22999572753906,1596200
2019-09-20,214.66000366210938,216.67999267578125,213.6300048828125,213.74000549316406,5458900
2019-09-23,212.85000610351562,214.11000061035156,211.55999755859375,213.4600067138672,1485500
2019-09-24,214.0399932861328,214.1999969482422,206.8000030517578,207.75,2837600
2019-09-25,207.9600067138672,211.08999633789062,207.4499969482422,210.02999877929688,1593400
2019-09-26,209.0500030517578,209.97000122070312,208.11000061035156,208.22000122070312,1685500
2019-09-27,209.85000610351562,210.5500030517578,208.08999633789062,208.97000122070312,1530900
2019-09-30,209.7100067138672,209.7100067138672,206.8300018310547,207.22999572753906,1794500
2019-10-01,207.00999450683594,209.3800048828125,202.61000061035156,202.69000244140625,3156200
2019-10-02,201.69000244140625,201.8800048828125,197.60000610351562,198.25,3386800
2019-10-03,197.61000061035156,198.3699951171875,193.99000549316406,197.24000549316406,2914500
2019-10-04,196.99000549316406,201.22999572753906,196.0399932861328,200.8000030517578,3021100
2019-10-07,200.7899932861328,202.52999877929688,199.47000122070312,200.39999389648438,2202200
2019-10-08,197.60000610351562,198.9499969482422,195.9199981689453,197.3699951171875,2654900
2019-10-09,198.19000244140625,198.97999572753906,196.67999267578125,196.85000610351562,2443500
2019-10-10,197.58999633789062,201.32000732421875,197.5399932861328,199.8699951171875,2108000
2019-10-11,203.72000122070312,207.2899932861328,203.72000122070312,204.67999267578125,3334300
2019-10-14,203.8300018310547,206.1699981689453,202.9199981689453,205.82000732421875,2286100
2019-10-15,202.0,208.24000549316406,198.61000061035156,206.4600067138672,8241900
2019-10-16,206.1699981689453,208.6199951171875,206.10000610351562,207.4199981689453,3405800
2019-10-17,208.2899932861328,208.92999267578125,204.38999938964844,206.4600067138672,2876500
2019-10-18,204.99000549316406,208.05999755859375,204.99000549316406,206.52000427246094,2207000
2019-10-21,208.6699981689453,210.86000061035156,207.67999267578125,209.25,1934900
2019-10-22,209.58999633789062,211.64999389648438,208.30999755859375,209.60000610351562,1868000
2019-10-23,209.22000122070312,212.02000427246094,209.0,211.32000732421875,1574500
2019-10-24,211.61000061035156,213.14999389648438,209.77999877929688,211.0500030517578,1266500
2019-10-25,210.17999267578125,215.4199981689453,210.17999267578125,214.22999572753906,2602100
2019-10-28,216.32000732421875,218.9199981689453,215.69000244140625,217.75,2707800
2019-10-29,217.22000122070312,219.27999877929688,216.4499969482422,217.63999938964844,2030800
2019-10-30,217.02000427246094,217.0500030517578,213.80999755859375,215.80999755859375,1584900
2019-10-31,215.14999389648438,215.36000061035156,211.32000732421875,213.3800048828125,1876200
2019-11-01,215.25999450683594,217.88999938964844,214.75,217.38999938964844,2112300
2019-11-04,219.6999969482422,220.69000244140625,218.57000732421875,219.8699951171875,2538100
2019-11-05,220.8000030517578,221.77999877929688,218.47000122070312,218.63999938964844,2525100
2019-11-06,218.00999450683594,219.07000732421875,216.5500030517578,218.4199981689453,1863000
2019-11-07,220.77000427246094,224.77000427246094,220.41000366210938,223.2899932861328,3748600
2019-11-08,223.0,223.22999572753906,221.10000610351562,222.91000366210938,1610800
2019-11-11,220.89999389648438,221.41000366210938,218.52000427246094,219.02999877929688,2754500
2019-11-12,218.55999755859375,221.11000061035156,217.92999267578125,220.41000366210938,1891600
2019-11-13,218.38999938964844,219.83999633789062,217.00999450683594,219.32000732421875,1756000
2019-11-14,218.7899932861328,220.47000122070312,218.02999877929688,219.42999267578125,1483100
2019-11-15,220.0,221.08999633789062,219.0399932861328,220.25,1693100
2019-11-18,219.72999572753906,219.9499969482422,218.0399932861328,219.72999572753906,1603400
2019-11-19,220.55999755859375,220.67999267578125,218.30999755859375,220.0399932861328,1817100
2019-11-20,218.36000061035156,219.47000122070312,216.39999389648438,217.91000366210938,2177700
2019-11-21,218.60000610351562,219.32000732421875,216.82000732421875,218.22999572753906,1677700
2019-11-22,218.0,220.7100067138672,218.0,220.27999877929688,1529100
2019-11-25,220.88999938964844,223.9499969482422,220.88999938964844,222.75,2181800
2019-11-26,222.67999267578125,222.75999450683594,221.11000061035156,222.4499969482422,1926300
2019-11-27,223.4499969482422,224.27999877929688,221.86000061035156,222.9499969482422,1614600
2019-11-29,220.8800048828125,222.0,220.41000366210938,221.35000610351562,770400
2019-12-02,220.97000122070312,221.8000030517578,217.0800018310547,217.63999938964844,2118500
2019-12-03,215.42999267578125,215.42999267578125,210.0,212.24000549316406,3207100
2019-12-04,213.5399932861328,216.99000549316406,212.3800048828125,215.94000244140625,1583600
2019-12-05,217.14999389648438,217.6300048828125,215.4199981689453,217.13999938964844,1329300
2019-12-06,219.9499969482422,225.39999389648438,218.82000732421875,224.61000061035156,4229400
2019-12-09,224.61000061035156,224.64999389648438,221.77000427246094,221.80999755859375,2134600
2019-12-10,221.6699981689453,222.8800048828125,220.5500030517578,221.8800048828125,1854100
2019-12-11,222.25,222.85000610351562,220.83999633789062,221.19000244140625,1778600
2019-12-12,221.91000366210938,226.77999877929688,220.60000610351562,226.0500030517578,2974300
2019-12-13,226.72000122070312,227.99000549316406,223.6999969482422,225.0,1908200
2019-12-16,228.5,230.6999969482422,227.8699951171875,228.0399932861328,3218400
2019-12-17,230.0,232.07000732421875,228.8000030517578,231.14999389648438,3590000
2019-12-18,231.97000122070312,232.1999969482422,229.94000244140625,230.4499969482422,2280800
2019-12-19,230.9499969482422,231.38999938964844,228.9600067138672,229.94000244140625,2418100
2019-12-20,230.9600067138672,231.2899932861328,228.6199951171875,228.92999267578125,3715500
2019-12-23,229.66000366210938,230.47999572753906,228.41000366210938,229.08999633789062,1670400
2019-12-24,228.97999572753906,229.9499969482422,228.3699951171875,229.91000366210938,467700
2019-12-26,230.25999450683594,232.1999969482422,229.99000549316406,231.2100067138672,1704000
2019-12-27,231.80999755859375,232.2100067138672,230.47000122070312,230.66000366210938,1343900
2019-12-30,231.67999267578125,231.67999267578125,229.5,229.8000030517578,1494500
2019-12-31,229.7100067138672,229.97000122070312,228.6699981689453,229.92999267578125,1447200
2020-01-02,231.0,234.63999938964844,230.16000366210938,234.32000732421875,3736300
2020-01-03,231.60000610351562,232.61000061035156,230.3000030517578,231.5800018310547,2274500
2020-01-06,229.92999267578125,234.02000427246094,229.49000549316406,233.9499969482422,3329300
2020-01-07,235.0,237.77000427246094,234.75999450683594,235.49000549316406,5255200
2020-01-08,235.67999267578125,239.75,235.47999572753906,237.75999450683594,3564700
2020-01-09,241.33999633789062,243.39999389648438,239.82000732421875,242.60000610351562,3980700
2020-01-10,242.75,243.38999938964844,241.38999938964844,242.11000061035156,2248100
2020-01-13,244.44000244140625,246.11000061035156,243.0,245.2100067138672,3359200
2020-01-14,245.32000732421875,248.52000427246094,244.60000610351562,245.66000366210938,4302800
2020-01-15,242.0,249.5,239.16000366210938,245.2100067138672,5411200
2020-01-16,247.00999450683594,249.82000732421875,246.22999572753906,249.72000122070312,3968400
2020-01-17,250.22999572753906,250.4600067138672,248.0,249.4600067138672,3108400
2020-01-21,247.2100067138672,248.85000610351562,245.60000610351562,245.6999969482422,2492400
2020-01-22,246.61000061035156,248.52000427246094,246.33999633789062,247.0500030517578,2030900
2020-01-23,244.5,247.0,242.8800048828125,245.5800018310547,2806800
2020-01-24,245.07000732421875,245.7100067138672,240.60000610351562,241.9199981689453,2877400
2020-01-27,236.3699951171875,238.99000549316406,235.00999450683594,238.13999938964844,2506200
2020-01-28,239.49000549316406,243.5800018310547,238.0500030517578,242.5800018310547,3123000
2020-01-29,244.52000427246094,246.5,239.57000732421875,240.1199951171875,3711600
2020-01-30,237.69000244140625,244.33999633789062,236.72999572753906,244.1300048828125,3261700
2020-01-31,241.99000549316406,242.88999938964844,236.8800048828125,237.75,3482800
2020-02-03,238.36000061035156,242.38999938964844,238.0500030517578,239.00999450683594,2733000
2020-02-04,242.8800048828125,243.74000549316406,241.5500030517578,241.94000244140625,3052500
2020-02-05,244.99000549316406,245.1300048828125,243.0,244.3000030517578,3126600
2020-02-06,245.35000610351562,245.77000427246094,241.17999267578125,241.82000732421875,2225600
2020-02-07,239.75,240.52000427246094,236.5500030517578,238.0,3006500
2020-02-10,237.39999389648438,237.8699951171875,235.4600067138672,237.36000061035156,2591300
2020-02-11,239.0,239.5500030517578,236.22000122070312,236.4600067138672,2238800
2020-02-12,238.00999450683594,241.17999267578125,237.72000122070312,238.64999389648438,2119200
2020-02-13,237.85000610351562,238.97000122070312,236.57000732421875,238.35000610351562,1461300
2020-02-14,237.94000244140625,239.00999450683594,236.22999572753906,237.0800018310547,1718700
2020-02-18,236.5500030517578,237.07000732421875,231.1999969482422,233.2100067138672,2736500
2020-02-19,235.0,237.8000030517578,233.27999877929688,237.3300018310547,2207100
2020-02-20,236.41000366210938,236.89999389648438,231.25,232.72999572753906,3183700
2020-02-21,230.91000366210938,231.8000030517578,228.3699951171875,230.6199951171875,3081600
2020-02-24,223.22999572753906,226.69000244140625,222.5399932861328,224.5399932861328,4139400
2020-02-25,224.77999877929688,225.8699951171875,215.88999938964844,217.61000061035156,5343100
2020-02-26,218.6999969482422,220.0,214.75999450683594,215.77999877929688,4171100
2020-02-27,210.49000549316406,213.47999572753906,205.3699951171875,205.69000244140625,5848200
2020-02-28,199.08999633789062,202.25,194.85000610351562,200.77000427246094,6727100
2020-03-02,201.41000366210938,209.6199951171875,197.6300048828125,209.47000122070312,5285500
2020-03-03,209.0,211.7899932861328,202.1199951171875,203.42999267578125,5677200
2020-03-04,205.83999633789062,208.9199981689453,202.6999969482422,208.74000549316406,3520400
2020-03-05,201.3300018310547,203.47000122070312,196.9499969482422,198.7899932861328,4151500
2020-03-06,190.67999267578125,196.3000030517578,189.27999877929688,192.85000610351562,5071900
2020-03-09,173.5800018310547,179.25,170.16000366210938,172.80999755859375,6443000
2020-03-10,181.6199951171875,185.39999389648438,173.2899932861328,184.35000610351562,6803900
2020-03-11,178.47999572753906,180.77000427246094,170.97000122070312,171.88999938964844,5314000
2020-03-12,160.0,166.75,150.0,150.67999267578125,8357700
2020-03-13,162.82000732421875,177.55999755859375,152.35000610351562,177.1699981689453,6368400
2020-03-16,150.22999572753906,169.5399932861328,150.0,154.66000366210938,6888000
2020-03-17,157.0,166.74000549316406,150.0,158.6699981689453,6876300
2020-03-18,150.0,155.97000122070312,135.41000366210938,140.02000427246094,9543200
2020-03-19,137.3800048828125,152.49000549316406,130.85000610351562,149.49000549316406,6548200
2020-03-20,148.99000549316406,149.19000244140625,138.2899932861328,138.41000366210938,7561300
2020-03-23,136.02999877929688,141.94000244140625,133.25999450683594,134.97000122070312,5472600
2020-03-24,144.32000732421875,153.89999389648438,143.6300048828125,153.60000610351562,6647400
2020-03-25,154.60000610351562,162.2100067138672,145.32000732421875,155.1300048828125,8587800
2020-03-26,156.3699951171875,167.66000366210938,154.30999755859375,165.7899932861328,6762200
2020-03-27,159.0800018310547,163.72999572753906,157.0,158.33999633789062,4186700
2020-03-30,158.52000427246094,160.42999267578125,153.17999267578125,159.6199951171875,4152800
2020-03-31,158.1300048828125,161.10000610351562,153.72000122070312,154.58999633789062,3588200
2020-04-01,146.10000610351562,149.57000732421875,145.0,145.2899932861328,4689100
2020-04-02,143.02000427246094,150.4499969482422,141.6699981689453,149.92999267578125,4446900
2020-04-03,149.1999969482422,150.9199981689453,145.22999572753906,146.92999267578125,2801600
2020-04-06,155.47000122070312,158.92999267578125,153.77000427246094,158.22999572753906,4689400
2020-04-07,166.0,169.13999938964844,162.4499969482422,166.02000427246094,4953500
2020-04-08,168.5500030517578,178.10000610351562,168.5500030517578,176.9600067138672,5194800
2020-04-09,180.5800018310547,187.3300018310547,179.77000427246094,184.25999450683594,6445800
2020-04-13,183.85000610351562,184.97000122070312,179.1300048828125,179.17999267578125,4774300
2020-04-14,182.35000610351562,183.3800048828125,174.5399932861328,178.22999572753906,4149600
2020-04-15,170.6300048828125,181.67999267578125,169.14999389648438,178.52000427246094,6042700
2020-04-16,177.22000122070312,178.44000244140625,172.38999938964844,177.0399932861328,4662200
2020-04-17,183.49000549316406,185.27999877929688,178.2899932861328,183.49000549316406,5426700
2020-04-20,179.6999969482422,186.32000732421875,178.02000427246094,180.39999389648438,4674800
2020-04-21,175.44000244140625,179.1999969482422,173.66000366210938,173.80999755859375,3819000
2020-04-22,177.5,178.17999267578125,174.47000122070312,175.97999572753906,2314500
2020-04-23,177.0,179.07000732421875,174.4499969482422,175.0500030517578,2013300
2020-04-24,177.0,177.9499969482422,173.49000549316406,177.0,2024400
2020-04-27,179.10000610351562,184.25,178.72000122070312,183.5399932861328,2743100
2020-04-28,189.16000366210938,190.4199981689453,184.8699951171875,187.00999450683594,3344700
2020-04-29,192.61000061035156,193.72000122070312,189.57000732421875,190.02999877929688,3086300
2020-04-30,186.0,187.5500030517578,182.89999389648438,183.4199981689453,2695400
2020-05-01,179.0,179.60000610351562,176.64999389648438,177.10000610351562,2650200
2020-05-04,175.0,176.30999755859375,171.72000122070312,176.02999877929688,2990100
2020-05-05,179.10000610351562,182.60000610351562,178.13999938964844,178.3000030517578,3272600
2020-05-06,179.67999267578125,181.1999969482422,175.2100067138672,176.9199981689453,2408700
2020-05-07,179.17999267578125,183.3800048828125,179.17999267578125,182.32000732421875,2480100
2020-05-08,185.02999877929688,185.91000366210938,182.74000549316406,185.38999938964844,2277500
2020-05-11,182.5399932861328,184.85000610351562,181.25999450683594,183.16000366210938,2212200
2020-05-12,183.88999938964844,184.3000030517578,176.75,177.2100067138672,3549200
2020-05-13,175.66000366210938,176.8800048828125,170.75999450683594,171.8000030517578,3445300
2020-05-14,169.0399932861328,174.77999877929688,165.36000061035156,174.4499969482422,4176700
2020-05-15,173.47999572753906,174.08999633789062,170.5800018310547,171.8699951171875,2867800
2020-05-18,177.7100067138672,183.10000610351562,175.24000549316406,181.8800048828125,4505800
2020-05-19,180.55999755859375,182.19000244140625,177.72000122070312,177.8300018310547,2210500
2020-05-20,180.9499969482422,183.8300018310547,180.3000030517578,181.44000244140625,2599900
2020-05-21,180.1999969482422,181.1699981689453,177.67999267578125,180.10000610351562,2153500
2020-05-22,180.02999877929688,180.63999938964844,178.05999755859375,179.92999267578125,2176400
2020-05-26,185.6300048828125,197.10000610351562,185.22000122070312,196.05999755859375,5971200
2020-05-27,203.0,210.7100067138672,200.00999450683594,209.66000366210938,8182100
2020-05-28,210.83999633789062,211.30999755859375,201.2100067138672,201.22000122070312,4886100
2020-05-29,197.22999572753906,200.9199981689453,194.64999389648438,196.49000549316406,3822600
2020-06-01,197.30999755859375,201.77000427246094,195.1199951171875,199.92999267578125,2230800
2020-06-02,203.77000427246094,206.5,201.32000732421875,204.13999938964844,4128700
2020-06-03,208.49000549316406,211.92999267578125,206.42999267578125,210.57000732421875,3471900
2020-06-04,208.7899932861328,214.99000549316406,207.9600067138672,214.82000732421875,3522300
2020-06-05,222.0,222.97999572753906,217.66000366210938,217.9199981689453,4737600
2020-06-08,220.02000427246094,222.25999450683594,218.24000549316406,220.80999755859375,3260300
2020-06-09,215.74000549316406,220.02000427246094,215.16000366210938,218.10000610351562,2478400
2020-06-10,217.38999938964844,219.85000610351562,212.8000030517578,213.52000427246094,3091200
2020-06-11,204.6999969482422,206.89999389648438,194.02000427246094,194.1300048828125,4923400
2020-06-12,200.6199951171875,202.94000244140625,196.2100067138672,201.77999877929688,3380800
2020-06-15,195.72999572753906,206.99000549316406,195.14999389648438,206.30999755859375,3467400
2020-06-16,214.97999572753906,214.97999572753906,203.72999572753906,209.58999633789062,3099100
2020-06-17,210.0,210.7899932861328,205.44000244140625,206.19000244140625,1798300
2020-06-18,203.99000549316406,207.25999450683594,202.6699981689453,203.83999633789062,2051700
2020-06-19,207.0500030517578,207.4199981689453,200.97000122070312,201.6300048828125,4962400
2020-06-22,200.99000549316406,204.5800018310547,200.0,203.4199981689453,1806900
2020-06-23,206.5,207.50999450683594,203.63999938964844,204.77999877929688,2451800
2020-06-24,202.33999633789062,202.61000061035156,197.3800048828125,198.02000427246094,2756700
2020-06-25,197.86000061035156,207.38999938964844,197.61000061035156,207.10000610351562,3466500
2020-06-26,199.0,200.24000549316406,188.50999450683594,189.19000244140625,9530700
2020-06-29,191.3800048828125,193.89999389648438,188.66000366210938,193.47000122070312,3736000
2020-06-30,193.83999633789062,198.41000366210938,193.6199951171875,197.6199951171875,3102800
2020-07-01,198.8800048828125,199.74000549316406,195.52000427246094,197.57000732421875,2620100
2020-07-02,202.5,203.0,197.1300048828125,197.39999389648438,2699400
2020-07-06,201.33999633789062,207.7899932861328,201.1300048828125,207.36000061035156,3567700
2020-07-07,205.5,205.7100067138672,199.19000244140625,199.36000061035156,2853500
2020-07-08,199.5399932861328,203.25,199.02000427246094,202.25,2789700
2020-07-09,202.11000061035156,202.5,195.0,196.8300018310547,3160100
2020-07-10,196.8699951171875,206.32000732421875,196.8300018310547,205.55999755859375,4414800
2020-07-13,209.0,212.97999572753906,207.0,208.8800048828125,4449600
2020-07-14,211.42999267578125,214.3000030517578,207.00999450683594,214.00999450683594,5202000
2020-07-15,224.3699951171875,225.24000549316406,214.69000244140625,216.89999389648438,12516700
2020-07-16,213.50999450683594,220.4600067138672,213.5,214.6699981689453,5769600
2020-07-17,214.89999389648438,215.1699981689453,211.25,211.41000366210938,3614300
2020-07-20,210.72999572753906,213.1699981689453,210.25,211.7100067138672,2268700
2020-07-21,212.25,213.80999755859375,210.38999938964844,212.02000427246094,3393500
2020-07-22,210.5,211.0,205.35000610351562,206.0,4978400
2020-07-23,205.10000610351562,206.02000427246094,202.0500030517578,203.02000427246094,4088600
2020-07-24,203.0,204.92999267578125,201.32000732421875,201.47000122070312,3191500
2020-07-27,200.10000610351562,204.17999267578125,199.58999633789062,203.02000427246094,2601200
2020-07-28,201.91000366210938,203.60000610351562,201.08999633789062,201.6199951171875,2139600
2020-07-29,201.6999969482422,203.88999938964844,199.6199951171875,202.5800018310547,2635000
2020-07-30,199.5,199.99000549316406,196.3000030517578,199.52999877929688,3057900
2020-07-31,199.83999633789062,199.83999633789062,196.50999450683594,197.9600067138672,2399700
2020-08-03,198.49000549316406,199.8800048828125,196.52999877929688,199.38999938964844,2294600
2020-08-04,199.35000610351562,201.72000122070312,198.47999572753906,201.63999938964844,1944700
2020-08-05,203.1699981689453,204.80999755859375,203.00999450683594,204.52000427246094,2232400
2020-08-06,205.0,206.2899932861328,203.8300018310547,204.25,1882400
2020-08-07,203.47999572753906,208.8000030517578,202.4499969482422,208.27000427246094,3075000
2020-08-10,209.58999633789062,210.63999938964844,208.0399932861328,209.3800048828125,2432800
2020-08-11,212.72000122070312,216.9499969482422,210.52999877929688,211.05999755859375,4042700
2020-08-12,214.6999969482422,215.9499969482422,209.27000427246094,212.1300048828125,2439400
2020-08-13,210.41000366210938,212.1999969482422,207.69000244140625,208.38999938964844,2219900
2020-08-14,207.4600067138672,209.47999572753906,206.61000061035156,207.97000122070312,2287600
2020-08-17,207.0,207.85000610351562,202.52999877929688,203.07000732421875,3922600
2020-08-18,203.4499969482422,203.5800018310547,201.10000610351562,201.30999755859375,3067900
2020-08-19,202.39999389648438,206.10000610351562,201.77000427246094,203.02000427246094,2458500
2020-08-20,200.75999450683594,203.27999877929688,200.33999633789062,201.85000610351562,1764200
2020-08-21,200.11000061035156,203.35000610351562,199.82000732421875,202.42999267578125,1780900
2020-08-24,203.11000061035156,207.42999267578125,201.32000732421875,207.33999633789062,3097400
2020-08-25,209.99000549316406,210.49000549316406,205.1699981689453,206.0,2627600
2020-08-26,205.88999938964844,207.27999877929688,205.02999877929688,207.22000122070312,2563200
2020-08-27,206.67999267578125,213.0,206.41000366210938,210.14999389648438,3692400
2020-08-28,211.88999938964844,212.0,207.08999633789062,207.7100067138672,3697400
2020-08-31,205.5,206.41000366210938,203.6300048828125,204.8699951171875,3046200
2020-09-01,203.60000610351562,206.7100067138672,203.00999450683594,205.4600067138672,2457000
2020-09-02,205.7899932861328,210.92999267578125,205.3699951171875,210.0399932861328,3565200
2020-09-03,211.75,215.22999572753906,205.8300018310547,207.55999755859375,3533500
2020-09-04,210.88999938964844,213.35000610351562,205.32000732421875,210.94000244140625,3668900
2020-09-08,209.50999450683594,209.9600067138672,201.27000427246094,202.47999572753906,4574700
2020-09-09,204.19000244140625,204.8300018310547,202.02999877929688,202.22000122070312,4681400
2020-09-10,203.72999572753906,205.35000610351562,199.5500030517578,200.00999450683594,2510300
2020-09-11,200.24000549316406,201.91000366210938,198.9499969482422,200.9199981689453,2376400
2020-09-14,203.3000030517578,203.3000030517578,200.6699981689453,201.33999633789062,2756900
2020-09-15,202.0,202.58999633789062,197.97999572753906,198.0,3717600
2020-09-16,198.49000549316406,203.8000030517578,198.07000732421875,200.67999267578125,3571400
2020-09-17,198.2100067138672,199.88999938964844,194.50999450683594,194.8300018310547,4274800
2020-09-18,195.00999450683594,196.64999389648438,192.3800048828125,194.86000061035156,9066300
2020-09-21,189.89999389648438,194.1699981689453,187.47000122070312,194.0,4871300
2020-09-22,194.0,196.13999938964844,188.42999267578125,191.6199951171875,3355800
2020-09-23,192.0,192.9199981689453,185.8699951171875,186.1199951171875,3116100
2020-09-24,188.97999572753906,197.4600067138672,187.0500030517578,195.11000061035156,5114600
2020-09-25,192.9600067138672,195.38999938964844,189.61000061035156,194.9499969482422,3106000
2020-09-28,197.77999877929688,201.8699951171875,197.14999389648438,199.07000732421875,3280100
2020-09-29,198.16000366210938,198.77000427246094,195.42999267578125,196.7899932861328,2400000
2020-09-30,198.67999267578125,203.0800018310547,198.36000061035156,200.97000122070312,3075800
2020-10-01,201.52999877929688,203.1300048828125,197.8699951171875,198.5500030517578,2288700
2020-10-02,195.33999633789062,200.6999969482422,195.2899932861328,199.89999389648438,2541200
2020-10-05,201.92999267578125,202.83999633789062,199.58999633789062,201.8000030517578,2551600
2020-10-06,204.25,206.08999633789062,199.89999389648438,201.08999633789062,2833100
2020-10-07,203.89999389648438,205.0,201.1699981689453,203.60000610351562,2326600
2020-10-08,205.14999389648438,208.16000366210938,204.11000061035156,207.97999572753906,2330600
2020-10-09,208.75999450683594,209.80999755859375,206.07000732421875,207.5399932861328,3040900
2020-10-12,207.41000366210938,214.88999938964844,207.41000366210938,214.1199951171875,3474200
2020-10-13,214.00999450683594,214.11000061035156,209.17999267578125,210.80999755859375,3317300
2020-10-14,213.8800048828125,214.4499969482422,210.27000427246094,211.22999572753906,7550100
2020-10-15,209.5800018310547,210.72999572753906,206.89999389648438,208.60000610351562,4325700
2020-10-16,208.32000732421875,210.0,205.80999755859375,206.2100067138672,3244500
2020-10-19,207.38999938964844,207.91000366210938,204.58999633789062,205.69000244140625,3235300
2020-10-20,206.6999969482422,211.3800048828125,206.47000122070312,208.02999877929688,3335500
2020-10-21,207.38999938964844,207.9499969482422,202.00999450683594,202.91000366210938,3083600
2020-10-22,203.1999969482422,206.3699951171875,202.1999969482422,205.39999389648438,2136900
2020-10-23,206.75999450683594,208.2100067138672,204.02000427246094,205.0399932861328,2110200
2020-10-26,202.49000549316406,202.80999755859375,198.50999450683594,201.13999938964844,3249700
2020-10-27,200.0,200.58999633789062,195.41000366210938,195.67999267578125,3430400
2020-10-28,191.30999755859375,193.3699951171875,188.94000244140625,189.77000427246094,4214600
2020-10-29,189.8000030517578,192.35000610351562,186.89999389648438,189.94000244140625,3581200
2020-10-30,189.50999450683594,190.39999389648438,185.52000427246094,189.0399932861328,3658800
2020-11-02,192.0,192.6999969482422,188.22999572753906,190.1999969482422,2459600
2020-11-03,193.94000244140625,199.0,193.22000122070312,197.92999267578125,4545500
2020-11-04,196.25,200.82000732421875,194.89999389648438,197.8699951171875,3868500
2020-11-05,199.64999389648438,204.1199951171875,199.05999755859375,202.9600067138672,2892800
2020-11-06,204.33999633789062,204.38999938964844,200.4199981689453,201.25999450683594,2475100
2020-11-09,214.49000549316406,218.0,209.3699951171875,214.92999267578125,6960500
2020-11-10,215.25,218.3800048828125,211.17999267578125,217.47000122070312,4166500
2020-11-11,218.63999938964844,219.9199981689453,215.02999877929688,218.0500030517578,2680700
2020-11-12,215.22000122070312,216.86000061035156,212.39999389648438,214.50999450683594,3005500
2020-11-13,215.85000610351562,220.9600067138672,215.41000366210938,219.0800018310547,2832100
2020-11-16,223.52999877929688,224.60000610351562,220.02999877929688,222.3800048828125,3004700
2020-11-17,220.02000427246094,224.85000610351562,218.3300018310547,224.64999389648438,2722900
2020-11-18,225.0,227.72000122070312,223.50999450683594,224.3000030517578,2856200
2020-11-19,224.3000030517578,224.94000244140625,222.11000061035156,224.57000732421875,1505200
2020-11-20,223.0,224.80999755859375,222.6300048828125,223.35000610351562,1848100
2020-11-23,226.05999755859375,230.0,225.72999572753906,228.8300018310547,3371300
2020-11-24,231.10000610351562,238.1199951171875,230.6300048828125,237.5,3915200
2020-11-25,235.0,237.4499969482422,232.42999267578125,236.5399932861328,2272800
2020-11-27,237.0,237.3000030517578,233.7899932861328,235.39999389648438,1050400
2020-11-30,232.0500030517578,235.0,230.36000061035156,230.5800018310547,2705400
2020-12-01,231.9600067138672,234.8699951171875,231.35000610351562,232.0800018310547,2577600
2020-12-02,232.0800018310547,238.1300048828125,231.5800018310547,237.64999389648438,2136300
2020-12-03,237.2899932861328,238.85000610351562,234.63999938964844,235.47000122070312,2142600
2020-12-04,237.6999969482422,239.75,236.9499969482422,239.5800018310547,2373000
2020-12-07,238.5399932861328,239.85000610351562,235.4499969482422,238.4499969482422,1788600
2020-12-08,237.00999450683594,239.19000244140625,236.5800018310547,238.83999633789062,1371800
2020-12-09,240.0,245.36000061035156,239.52999877929688,242.82000732421875,3552300
2020-12-10,240.0,245.17999267578125,239.50999450683594,244.39999389648438,2541700
2020-12-11,240.80999755859375,241.1999969482422,237.10000610351562,239.99000549316406,2077300
2020-12-14,243.27999877929688,243.5,237.38999938964844,237.7899932861328,1927800
2020-12-15,239.5,243.61000061035156,237.19000244140625,242.42999267578125,2348000
2020-12-16,243.55999755859375,243.89999389648438,241.1199951171875,243.77000427246094,2400900
2020-12-17,245.0,245.92999267578125,243.0,244.42999267578125,2983600
2020-12-18,245.38999938964844,245.38999938964844,240.55999755859375,242.1300048828125,4088100
2020-12-21,250.2899932861328,260.8500061035156,248.75999450683594,256.9800109863281,7408500
2020-12-22,256.8599853515625,257.70001220703125,249.8000030517578,250.08999633789062,3599800
2020-12-23,251.5,260.5799865722656,251.3000030517578,256.45001220703125,3376100
2020-12-24,257.0400085449219,257.6199951171875,253.75,256.1600036621094,968100
2020-12-28,257.80999755859375,262.6499938964844,257.0,259.5899963378906,2793400
2020-12-29,260.260009765625,260.8599853515625,256.5,258.010009765625,1430900
2020-12-30,258.80999755859375,260.6499938964844,257.8299865722656,259.45001220703125,1566500
2020-12-31,258.79998779296875,263.92999267578125,258.0,263.7099914550781,2043100
2021-01-04,267.0,267.5799865722656,260.1600036621094,265.0,3572000
2021-01-05,263.8800048828125,273.5,262.57000732421875,270.92999267578125,4207100
2021-01-06,276.2900085449219,288.3800048828125,273.1000061035156,285.54998779296875,6383500
2021-01-07,287.7699890136719,295.8900146484375,286.67999267578125,291.6499938964844,4009700
2021-01-08,292.0,292.2799987792969,285.05999755859375,290.0799865722656,2800800
2021-01-11,286.79998779296875,295.0,284.20001220703125,293.8299865722656,2649700
2021-01-12,297.1400146484375,303.9800109863281,296.0199890136719,302.2099914550781,4814400
2021-01-13,300.0799865722656,303.7200012207031,299.1000061035156,302.94000244140625,2413800
2021-01-14,304.04998779296875,309.4100036621094,303.5400085449219,307.8699951171875,3192200
2021-01-15,301.19000244140625,304.8599853515625,296.8800048828125,301.010009765625,3863700
2021-01-19,305.0,306.6000061035156,293.79998779296875,294.20001220703125,6727800
2021-01-20,295.82000732421875,297.45001220703125,287.4800109863281,290.4700012207031,4792600
2021-01-21,290.45001220703125,292.739990234375,288.5299987792969,289.3699951171875,2516000
2021-01-22,286.69000244140625,290.5899963378906,285.5,289.3900146484375,2568800
2021-01-25,285.5299987792969,286.3500061035156,277.5,283.0400085449219,4575000
2021-01-26,283.92999267578125,285.7699890136719,280.0799865722656,281.760009765625,3296800
2021-01-27,276.0,277.3699951171875,271.32000732421875,273.3299865722656,3891800
2021-01-28,274.6099853515625,279.8299865722656,271.3299865722656,275.0199890136719,3778700
2021-01-29,274.2699890136719,277.3999938964844,270.6199951171875,271.1700134277344,3412000
2021-02-01,272.6600036621094,276.79998779296875,272.0,274.7300109863281,2324100
2021-02-02,278.32000732421875,288.25,278.0,286.9700012207031,5195500
2021-02-03,286.6099853515625,289.80999755859375,285.17999267578125,288.54998779296875,2712800
2021-02-04,290.0,295.8299865722656,289.5199890136719,293.75,2994700
2021-02-05,295.0,297.239990234375,292.19000244140625,293.5,2938100
2021-02-08,295.0,300.8900146484375,294.5,300.1499938964844,2826200
2021-02-09,299.6000061035156,302.45001220703125,297.70001220703125,300.4599914550781,2071700
2021-02-10,300.0,305.17999267578125,297.75,304.2799987792969,3213700
2021-02-11,303.9800109863281,305.010009765625,299.1700134277344,302.32000732421875,2159900
2021-02-12,301.989990234375,306.70001220703125,301.7699890136719,306.32000732421875,1977300
2021-02-16,310.0,312.9200134277344,309.2200012207031,311.9599914550781,2792200
2021-02-17,310.0299987792969,314.9800109863281,308.760009765625,312.739990234375,2333100
2021-02-18,309.2200012207031,314.5,307.5799865722656,309.8999938964844,2093300
2021-02-19,310.2300109863281,316.7799987792969,310.2300109863281,315.6199951171875,2749500
2021-02-22,313.0,320.55999755859375,312.2099914550781,316.8699951171875,3162300
2021-02-23,317.9800109863281,320.0,310.5799865722656,319.2099914550781,2942500
2021-02-24,320.1700134277344,330.9700012207031,320.1000061035156,330.6400146484375,3934400
2021-02-25,333.3299865722656,335.80999755859375,326.2900085449219,327.760009765625,4244000
2021-02-26,325.7699890136719,328.67999267578125,319.0400085449219,319.4800109863281,3732200
2021-03-01,325.0,331.0400085449219,323.30999755859375,329.9200134277344,2957800
2021-03-02,330.0,336.19000244140625,329.510009765625,330.94000244140625,2850300
2021-03-03,333.67999267578125,340.1000061035156,333.25,334.42999267578125,3606300
2021-03-04,333.1300048828125,339.760009765625,323.9200134277344,329.2900085449219,3647600
2021-03-05,335.5799865722656,335.5799865722656,316.4599914550781,327.3699951171875,3740200
2021-03-08,331.3599853515625,337.5899963378906,329.1000061035156,334.19000244140625,2998000
2021-03-09,328.6199951171875,336.3900146484375,325.57000732421875,330.5899963378906,3324800
2021-03-10,332.07000732421875,342.3999938964844,331.5299987792969,342.0199890136719,3153100
2021-03-11,338.6600036621094,345.0,336.4599914550781,342.1000061035156,2756600
2021-03-12,345.2200012207031,350.0,343.6400146484375,348.80999755859375,2436700
2021-03-15,349.44000244140625,352.4200134277344,342.0,346.04998779296875,2276200
2021-03-16,345.2799987792969,346.8999938964844,337.75,341.7099914550781,2332600
2021-03-17,344.6199951171875,347.0299987792969,340.3999938964844,344.95001220703125,2710900
2021-03-18,350.75,356.8500061035156,346.989990234375,348.0,3713000
2021-03-19,346.4200134277344,347.239990234375,340.6300048828125,344.20001220703125,3513000
2021-03-22,341.05999755859375,342.8800048828125,336.0,339.3299865722656,2094500
2021-03-23,337.6199951171875,341.8900146484375,331.3299865722656,331.7699890136719,2457500
2021-03-24,333.4200134277344,336.94000244140625,328.44000244140625,328.6499938964844,3332200
2021-03-25,327.3500061035156,331.3900146484375,321.9200134277344,330.54998779296875,2804700
2021-03-26,334.510009765625,335.45001220703125,322.69000244140625,327.3900146484375,3082600
2021-03-29,320.3500061035156,327.760009765625,317.7200012207031,325.7300109863281,4533200
2021-03-30,329.4100036621094,335.75,328.8500061035156,332.010009765625,2717300
2021-03-31,330.2300109863281,332.6499938964844,325.44000244140625,327.0,2624500
2021-04-01,324.29998779296875,329.6600036621094,324.1600036621094,327.6400146484375,2659000
2021-04-05,332.8500061035156,332.8500061035156,323.04998779296875,323.5400085449219,3235000
2021-04-06,324.489990234375,328.5400085449219,324.0,327.05999755859375,1801700
2021-04-07,327.70001220703125,329.20001220703125,323.3500061035156,326.54998779296875,2157300
2021-04-08,324.2900085449219,331.489990234375,322.9700012207031,331.1400146484375,2402800
2021-04-09,334.0,334.8999938964844,328.7900085449219,330.80999755859375,2347100
2021-04-12,332.6700134277344,334.4800109863281,329.94000244140625,331.8399963378906,2318800
2021-04-13,329.510009765625,330.04998779296875,324.17999267578125,327.67999267578125,3575900
2021-04-14,328.54998779296875,344.4700012207031,326.1499938964844,335.3500061035156,9876800
2021-04-15,338.8999938964844,341.3500061035156,334.5400085449219,338.54998779296875,4354800
2021-04-16,340.2900085449219,343.739990234375,338.6199951171875,342.30999755859375,4231900
2021-04-19,340.0,344.42999267578125,336.6000061035156,343.0899963378906,3228200
2021-04-20,339.9700012207031,340.4700012207031,329.3500061035156,331.8800048828125,3662300
2021-04-21,330.0,335.4700012207031,327.55999755859375,335.2699890136719,2733300
2021-04-22,334.6199951171875,336.9700012207031,330.2900085449219,330.8500061035156,2165200
2021-04-23,331.25,340.6700134277344,330.7200012207031,339.3500061035156,2163800
2021-04-26,341.94000244140625,345.8999938964844,340.8900146484375,343.5199890136719,2171500
2021-04-27,344.0,347.54998779296875,343.6600036621094,346.6300048828125,2088600
2021-04-28,348.0,350.1199951171875,346.0899963378906,348.1099853515625,2140900
2021-04-29,350.54998779296875,353.8299865722656,347.4800109863281,352.9700012207031,2584400
2021-04-30,351.1199951171875,352.82000732421875,347.20001220703125,348.45001220703125,2101100
2021-05-03,350.3399963378906,354.05999755859375,349.260009765625,350.1600036621094,1871700
2021-05-04,348.8999938964844,351.7799987792969,342.57000732421875,349.8399963378906,2831400
2021-05-05,352.0,359.1400146484375,348.54998779296875,357.6199951171875,2786800
2021-05-06,359.7699890136719,366.29998779296875,356.5,365.9700012207031,3048700
2021-05-07,362.29998779296875,371.6499938964844,360.92999267578125,370.8900146484375,3378100
2021-05-10,373.5,376.9800109863281,368.5,368.67999267578125,3396300
2021-05-11,363.0,368.6300048828125,358.6199951171875,359.9200134277344,3734300
2021-05-12,363.07000732421875,368.1300048828125,353.2699890136719,354.3999938964844,3309800
2021-05-13,353.25,360.8900146484375,353.25,358.80999755859375,2673900
2021-05-14,362.0,369.510009765625,361.70001220703125,368.7699890136719,2732300
2021-05-17,367.7799987792969,370.70001220703125,364.5,369.25,1826100
2021-05-18,371.3800048828125,373.0799865722656,364.0,364.55999755859375,2018600
2021-05-19,360.0,360.0,353.92999267578125,358.3800048828125,3696000
2021-05-20,358.9800109863281,361.95001220703125,353.3500061035156,359.7799987792969,1919600
2021-05-21,361.489990234375,367.1400146484375,360.510009765625,366.260009765625,2657500
2021-05-24,367.32000732421875,369.7200012207031,365.510009765625,368.2900085449219,1834300
2021-05-25,369.9100036621094,373.7699890136719,364.0899963378906,364.510009765625,2631000
2021-05-26,365.0,368.7900085449219,361.9100036621094,367.3999938964844,2121200
2021-05-27,371.3299865722656,373.54998779296875,367.29998779296875,371.3699951171875,3897000
2021-05-28,372.0,373.07000732421875,368.260009765625,372.0199890136719,2169700
2021-06-01,377.70001220703125,383.3599853515625,376.30999755859375,382.44000244140625,3644000
2021-06-02,383.3299865722656,384.6700134277344,379.3699951171875,383.44000244140625,2809700
2021-06-03,382.25,391.25,380.1300048828125,388.7200012207031,3003900
2021-06-04,389.67999267578125,392.04998779296875,386.32000732421875,391.45001220703125,2514100
2021-06-07,393.0,393.260009765625,387.54998779296875,388.1600036621094,2188700
2021-06-08,385.7900085449219,386.4800109863281,382.2200012207031,384.70001220703125,2452600
2021-06-09,383.1600036621094,384.2699890136719,378.8800048828125,382.7799987792969,2025900
2021-06-10,389.6400146484375,389.6400146484375,372.3500061035156,373.94000244140625,3900800
2021-06-11,375.70001220703125,378.75,375.1099853515625,378.04998779296875,2117300
2021-06-14,377.42999267578125,378.75,370.70001220703125,372.9200134277344,2560500
2021-06-15,373.5,374.8399963378906,367.1600036621094,371.29998779296875,2302900
2021-06-16,370.989990234375,374.0799865722656,365.25,371.0,3264200
2021-06-17,373.5199890136719,373.5199890136719,356.54998779296875,361.5,4146300
2021-06-18,356.5199890136719,358.3800048828125,348.1300048828125,348.8299865722656,6290100
2021-06-21,352.8900146484375,357.9700012207031,351.0400085449219,357.5400085449219,2717300
2021-06-22,357.0,359.8800048828125,352.6400146484375,357.5299987792969,1870800
2021-06-23,358.7900085449219,362.4800109863281,357.6600036621094,361.04998779296875,1713100
2021-06-24,363.0,370.8800048828125,362.7799987792969,368.75,2716600
2021-06-25,368.82000732421875,371.1499938964844,364.5400085449219,368.7699890136719,2782400
2021-06-28,367.79998779296875,368.8699951171875,363.8599853515625,368.7099914550781,1833400
2021-06-29,374.8599853515625,378.0899963378906,370.75,372.6199951171875,2365900
2021-06-30,370.8999938964844,380.1099853515625,370.8999938964844,379.5299987792969,2238400
2021-07-01,380.70001220703125,381.6400146484375,374.1499938964844,374.989990234375,2571000
2021-07-02,376.30999755859375,376.6000061035156,372.4200134277344,374.1600036621094,1598900
2021-07-06,373.2300109863281,373.6300048828125,365.4100036621094,369.8599853515625,2162900
2021-07-07,367.5,370.0899963378906,362.17999267578125,367.6700134277344,2012800
2021-07-08,359.69000244140625,362.8900146484375,355.5899963378906,358.94000244140625,2940500
2021-07-09,366.0,372.1499938964844,364.95001220703125,371.760009765625,2641800
2021-07-12,370.30999755859375,384.0,367.3299865722656,380.5,4135900
2021-07-13,381.05999755859375,385.3299865722656,372.010009765625,375.9800109863281,6466800
2021-07-14,378.75,381.7699890136719,371.3900146484375,374.3999938964844,3295700
2021-07-15,371.239990234375,378.75,370.57000732421875,373.3500061035156,2183900
2021-07-16,374.92999267578125,374.92999267578125,363.8299865722656,364.79998779296875,2583300
2021-07-19,354.0,355.19000244140625,349.0,354.7200012207031,4394600
2021-07-20,352.2699890136719,367.30999755859375,351.5400085449219,364.760009765625,2937900
2021-07-21,368.0400085449219,374.8999938964844,367.92999267578125,373.5,2398800
2021-07-22,372.29998779296875,373.69000244140625,368.45001220703125,372.7099914550781,1887100
2021-07-23,374.5899963378906,378.0,371.3800048828125,374.04998779296875,1706900
2021-07-26,373.17999267578125,376.67999267578125,373.1099853515625,375.8999938964844,1559100
2021-07-27,372.5,375.1400146484375,369.2200012207031,374.8399963378906,1791800
2021-07-28,375.80999755859375,377.44000244140625,372.3399963378906,374.2300109863281,1668900
2021-07-29,377.0299987792969,379.510009765625,374.80999755859375,377.54998779296875,1296600
2021-07-30,376.57000732421875,379.95001220703125,373.05999755859375,374.8800048828125,1474900
2021-08-02,376.1700134277344,386.92999267578125,375.75,378.19000244140625,2383200
2021-08-03,380.25,381.30999755859375,371.7699890136719,380.3599853515625,1494600
2021-08-04,378.4800109863281,382.6499938964844,375.760009765625,377.8599853515625,1460500
2021-08-05,380.1499938964844,384.30999755859375,379.95001220703125,384.29998779296875,1583800
2021-08-06,388.8800048828125,398.8599853515625,388.6400146484375,397.8900146484375,3655800
2021-08-09,396.5899963378906,404.6000061035156,393.5799865722656,399.8800048828125,3319100
2021-08-10,400.1199951171875,410.6300048828125,399.5,407.9700012207031,3152300
2021-08-11,408.79998779296875,414.67999267578125,407.05999755859375,413.8900146484375,3000500
2021-08-12,414.3800048828125,418.6199951171875,410.55999755859375,415.0,2312800
2021-08-13,416.0,416.8900146484375,408.17999267578125,410.7799987792969,1980000
2021-08-16,408.989990234375,408.989990234375,402.1499938964844,408.3500061035156,1590700
2021-08-17,403.8399963378906,408.3500061035156,400.20001220703125,404.9700012207031,2077400
2021-08-18,402.6000061035156,406.1099853515625,398.5899963378906,398.79998779296875,2187800
2021-08-19,394.6000061035156,397.7300109863281,390.9100036621094,393.57000732421875,2241500
2021-08-20,391.489990234375,396.45001220703125,391.0,395.8699951171875,1612100
2021-08-23,401.8900146484375,404.1000061035156,399.0,401.45001220703125,1857600
2021-08-24,403.5899963378906,409.6600036621094,402.70001220703125,408.55999755859375,1958400
2021-08-25,409.8999938964844,416.67999267578125,408.94000244140625,413.1199951171875,1845300
2021-08-26,415.8800048828125,420.7300109863281,411.1600036621094,412.4100036621094,2076500
2021-08-27,412.7799987792969,419.8500061035156,412.5,419.69000244140625,2174500
2021-08-30,419.95001220703125,420.760009765625,412.7200012207031,413.6000061035156,2089400
2021-08-31,412.1099853515625,414.8599853515625,408.760009765625,413.510009765625,1958100
2021-09-01,413.1600036621094,416.1099853515625,410.30999755859375,413.6600036621094,1680400
2021-09-02,415.1099853515625,417.5799865722656,412.6400146484375,414.5,1830400
2021-09-03,414.0,415.1199951171875,410.6000061035156,411.30999755859375,1373600
2021-09-07,411.0,414.7300109863281,409.6400146484375,410.32000732421875,1557000
2021-09-08,409.2200012207031,410.9800109863281,404.70001220703125,405.0,1646200
2021-09-09,404.6700134277344,408.8800048828125,403.510009765625,404.5799865722656,2424600
2021-09-10,408.0,409.7900085449219,403.1600036621094,403.4800109863281,1956000
2021-09-13,407.4100036621094,409.3699951171875,403.79998779296875,409.260009765625,1802800
2021-09-14,410.29998779296875,417.010009765625,402.7799987792969,403.69000244140625,3263200
2021-09-15,398.0,403.6099853515625,396.2099914550781,401.95001220703125,3199800
2021-09-16,404.5199890136719,405.9800109863281,394.8900146484375,396.67999267578125,2882900
2021-09-17,396.32000732421875,399.1600036621094,388.8299865722656,391.4599914550781,3843700
2021-09-20,377.82000732421875,380.8599853515625,372.5,378.1300048828125,3834500
2021-09-21,380.8500061035156,381.5,374.0799865722656,375.8399963378906,2377300
2021-09-22,380.79998779296875,389.2900085449219,379.7099914550781,385.4700012207031,2991300
2021-09-23,390.3900146484375,393.739990234375,388.17999267578125,391.8599853515625,2518000
2021-09-24,390.4700012207031,392.489990234375,388.6000061035156,390.8500061035156,1789700
2021-09-27,396.5799865722656,401.0,395.17999267578125,399.80999755859375,2788500
2021-09-28,400.45001220703125,404.2099914550781,388.3900146484375,389.5,2609000
2021-09-29,390.67999267578125,392.3900146484375,384.29998779296875,384.8900146484375,1955000
2021-09-30,388.0,388.0199890136719,376.6199951171875,378.0299987792969,2665700
2021-10-01,379.44000244140625,382.7200012207031,375.8500061035156,380.0,2382300
2021-10-04,380.2099914550781,386.8699951171875,372.82000732421875,374.1499938964844,2895600
2021-10-05,378.1000061035156,388.2200012207031,375.5,385.80999755859375,2508100
2021-10-06,382.3800048828125,389.54998779296875,378.6600036621094,388.04998779296875,2111800
2021-10-07,392.9100036621094,397.8500061035156,389.760009765625,390.6199951171875,2348000
2021-10-08,390.8299865722656,394.30999755859375,388.17999267578125,392.80999755859375,1446700
2021-10-11,392.8999938964844,396.95001220703125,385.0199890136719,385.239990234375,1787400
2021-10-12,386.2200012207031,388.5899963378906,381.0199890136719,386.5299987792969,2088200
2021-10-13,388.0,388.3800048828125,378.6300048828125,386.30999755859375,2391600
2021-10-14,392.0,393.6600036621094,382.20001220703125,391.20001220703125,3380900
2021-10-15,402.30999755859375,407.2699890136719,396.3399963378906,406.07000732421875,6451400
2021-10-18,408.010009765625,415.94000244140625,407.6000061035156,413.69000244140625,3832300
2021-10-19,415.17999267578125,415.8500061035156,409.69000244140625,412.1600036621094,2568300
2021-10-20,411.0,414.3299865722656,406.20001220703125,407.8900146484375,2453400
2021-10-21,406.79998779296875,412.6600036621094,404.6199951171875,407.5899963378906,2162100
2021-10-22,409.989990234375,415.3599853515625,409.1000061035156,414.32000732421875,2411000
2021-10-25,416.2099914550781,419.489990234375,413.2699890136719,414.75,1824700
2021-10-26,416.3699951171875,419.80999755859375,413.760009765625,417.6099853515625,1843300
2021-10-27,416.54998779296875,418.05999755859375,410.54998779296875,410.989990234375,2067200
2021-10-28,412.0,414.9200134277344,409.05999755859375,414.82000732421875,1444700
2021-10-29,414.0199890136719,415.9599914550781,411.17999267578125,413.3500061035156,2061700
2021-11-01,417.07000732421875,418.7300109863281,413.25,416.70001220703125,1820800
2021-11-02,415.1000061035156,426.1600036621094,412.7900085449219,423.8500061035156,3000800
2021-11-03,423.1199951171875,424.0,412.55999755859375,417.8999938964844,3542400
2021-11-04,414.6499938964844,415.989990234375,403.0299987792969,408.07000732421875,3802300
2021-11-05,411.3999938964844,414.45001220703125,406.1000061035156,407.0799865722656,2105600
2021-11-08,409.8900146484375,413.6499938964844,407.9599914550781,408.3399963378906,1728400
2021-11-09,406.1099853515625,407.5799865722656,400.05999755859375,405.3500061035156,2246900
2021-11-10,402.3299865722656,405.54998779296875,397.25,399.1199951171875,2243900
2021-11-11,400.1400146484375,403.760009765625,398.510009765625,402.3399963378906,1252400
2021-11-12,403.0,405.1000061035156,399.20001220703125,404.9100036621094,1360100
2021-11-15,406.0,407.3399963378906,403.9100036621094,404.80999755859375,1436500
2021-11-16,403.9100036621094,405.8399963378906,399.0,403.0899963378906,1311000
2021-11-17,401.8500061035156,402.6499938964844,391.4700012207031,391.54998779296875,2927000
2021-11-18,392.29998779296875,393.9200134277344,385.67999267578125,391.3699951171875,1847400
2021-11-19,382.3800048828125,390.239990234375,381.0400085449219,387.3900146484375,2610400
2021-11-22,393.1600036621094,402.489990234375,390.17999267578125,396.1600036621094,3058700
2021-11-23,400.25,406.9599914550781,397.510009765625,406.3399963378906,2402300
2021-11-24,405.0,407.4800109863281,398.29998779296875,399.19000244140625,2186300
2021-11-26,384.4800109863281,391.7099914550781,382.7200012207031,389.3900146484375,2687900
2021-11-29,394.0,396.3699951171875,382.45001220703125,386.5400085449219,2883400
2021-11-30,383.5299987792969,386.8299865722656,377.260009765625,380.989990234375,4570400
2021-12-01,383.82000732421875,390.1600036621094,376.2099914550781,376.4800109863281,2476000
2021-12-02,378.0,389.0899963378906,376.0299987792969,387.5400085449219,3343700
2021-12-03,389.8800048828125,389.8800048828125,379.0299987792969,382.7300109863281,2807500
2021-12-06,388.6700134277344,393.6000061035156,383.489990234375,389.29998779296875,1990200
2021-12-07,393.5799865722656,401.75,393.05999755859375,400.1099853515625,2441000
2021-12-08,401.2300109863281,401.7099914550781,395.1400146484375,397.32000732421875,1635200
2021-12-09,395.70001220703125,400.19000244140625,393.0,396.489990234375,2111500
2021-12-10,398.0,398.8599853515625,388.6600036621094,391.05999755859375,1893800
2021-12-13,391.19000244140625,391.19000244140625,382.6600036621094,384.6400146484375,2313300
2021-12-14,383.55999755859375,392.5,383.260009765625,388.82000732421875,2788500
2021-12-15,389.5,391.3999938964844,380.6000061035156,389.9100036621094,2802300
2021-12-16,395.1300048828125,399.8399963378906,391.79998779296875,397.3699951171875,3578200
2021-12-17,389.2099914550781,393.6700134277344,380.6300048828125,381.79998779296875,7058600
2021-12-20,375.5199890136719,375.6300048828125,366.6499938964844,371.6099853515625,3735600
2021-12-21,376.42999267578125,382.0899963378906,374.760009765625,380.32000732421875,2942800
2021-12-22,380.4200134277344,384.010009765625,379.2699890136719,382.3299865722656,1487900
2021-12-23,383.7900085449219,387.6099853515625,383.57000732421875,385.0400085449219,1624000
2021-12-27,386.989990234375,389.1099853515625,385.0,388.0400085449219,1430400
2021-12-28,388.92999267578125,391.3299865722656,386.239990234375,387.6099853515625,1528200
2021-12-29,387.9700012207031,389.4599914550781,384.4200134277344,386.20001220703125,1327800
2021-12-30,387.75,389.7799987792969,385.20001220703125,385.5199890136719,1160100
2021-12-31,385.0,387.0,380.8399963378906,382.54998779296875,1601300
2022-01-03,389.0,399.29998779296875,387.3399963378906,395.3299865722656,3334300
2022-01-04,402.2300109863281,410.2799987792969,401.17999267578125,407.4800109863281,3916400
2022-01-05,409.79998779296875,412.6600036621094,397.8900146484375,398.6300048828125,3469600
2022-01-06,401.0,401.20001220703125,386.42999267578125,396.92999267578125,2960900
2022-01-07,397.6700134277344,400.54998779296875,394.5299987792969,397.510009765625,2360700
2022-01-10,401.32000732421875,404.3699951171875,394.2200012207031,399.1700134277344,3009400
2022-01-11,400.25,403.3399963378906,396.30999755859375,403.04998779296875,1748800
2022-01-12,403.239990234375,404.1199951171875,388.55999755859375,390.30999755859375,4158000
2022-01-13,394.04998779296875,396.8699951171875,389.75,390.79998779296875,2497800
2022-01-14,382.1300048828125,384.3900146484375,375.0,380.94000244140625,4685300
2022-01-18,360.0400085449219,361.57000732421875,347.2300109863281,354.3999938964844,13123500
2022-01-19,358.3399963378906,359.7099914550781,346.3900146484375,347.32000732421875,7426100
2022-01-20,348.8999938964844,357.17999267578125,346.1400146484375,348.1000061035156,4599900
2022-01-21,345.5400085449219,348.989990234375,340.7200012207031,343.9100036621094,4904100
2022-01-24,337.32000732421875,344.07000732421875,326.2300109863281,343.3900146484375,6569800
2022-01-25,337.8599853515625,342.92999267578125,330.9100036621094,341.54998779296875,3959300
2022-01-26,346.6000061035156,350.4800109863281,338.4100036621094,342.67999267578125,3745900
2022-01-27,345.6700134277344,348.7699890136719,337.7200012207031,341.0299987792969,2573400
2022-01-28,337.7300109863281,347.1499938964844,333.45001220703125,347.010009765625,3714600
2022-01-31,344.6000061035156,355.2099914550781,343.44000244140625,354.67999267578125,3312400
2022-02-01,356.1300048828125,364.5400085449219,354.04998779296875,364.05999755859375,3303700
2022-02-02,363.5,368.5299987792969,357.8299865722656,363.05999755859375,2742400
2022-02-03,362.82000732421875,365.760009765625,358.1600036621094,358.8800048828125,2372900
2022-02-04,362.1700134277344,370.95001220703125,361.0199890136719,367.6000061035156,3762300
2022-02-07,365.489990234375,371.4700012207031,363.3500061035156,368.1499938964844,2635600
2022-02-08,371.0799865722656,372.6499938964844,366.25,370.1000061035156,3422300
2022-02-09,373.0,376.2799987792969,370.8999938964844,374.5299987792969,2250400
2022-02-10,371.7099914550781,377.3999938964844,368.8299865722656,370.57000732421875,2406200
2022-02-11,368.54998779296875,374.8999938964844,360.7699890136719,363.05999755859375,3142100
2022-02-14,363.05999755859375,364.2900085449219,357.17999267578125,360.239990234375,2585600
2022-02-15,364.0899963378906,365.8900146484375,361.3599853515625,363.94000244140625,1846400
2022-02-16,361.3500061035156,363.0199890136719,356.5299987792969,360.04998779296875,2165300
2022-02-17,358.7799987792969,360.9599914550781,347.8399963378906,349.05999755859375,3102400
2022-02-18,345.57000732421875,350.0,343.3699951171875,346.0400085449219,2910900
2022-02-22,342.4599914550781,349.0,341.20001220703125,344.2699890136719,2590800
2022-02-23,347.57000732421875,349.260009765625,339.82000732421875,341.19000244140625,2217300
2022-02-24,328.57000732421875,341.0,326.95001220703125,340.19000244140625,4564000
2022-02-25,340.19000244140625,350.70001220703125,340.19000244140625,350.1199951171875,2980500
2022-02-28,340.25,343.8399963378906,337.54998779296875,341.2900085449219,4245700
2022-03-01,337.3999938964844,338.1600036621094,327.0199890136719,328.20001220703125,5631500
2022-03-02,331.6000061035156,338.0,327.3999938964844,336.3800048828125,3469900
2022-03-03,338.8699951171875,341.5,330.1300048828125,333.4200134277344,2393700
2022-03-04,327.0,330.6600036621094,324.0,329.6700134277344,3293100
2022-03-07,326.82000732421875,327.7900085449219,320.8500061035156,321.8900146484375,3689900
2022-03-08,322.5,330.55999755859375,318.54998779296875,321.3699951171875,3596400
2022-03-09,331.67999267578125,337.4700012207031,330.0299987792969,333.5899963378906,3202100
2022-03-10,327.6300048828125,331.8399963378906,324.760009765625,329.8999938964844,2232600
2022-03-11,334.3699951171875,336.6099853515625,326.7099914550781,327.0,2613500
2022-03-14,329.2099914550781,331.6199951171875,322.8999938964844,324.9800109863281,2342200
2022-03-15,327.07000732421875,331.8999938964844,324.8399963378906,329.1600036621094,2140700
2022-03-16,335.07000732421875,341.3299865722656,334.260009765625,340.760009765625,3468500
2022-03-17,337.3699951171875,343.6000061035156,334.8999938964844,343.2699890136719,2403500
2022-03-18,338.8699951171875,346.7699890136719,337.29998779296875,345.3800048828125,5861900
2022-03-21,345.260009765625,346.29998779296875,337.1499938964844,339.0,3401200
2022-03-22,342.20001220703125,346.239990234375,340.1199951171875,343.010009765625,2840200
2022-03-23,340.0,340.8299865722656,335.1300048828125,335.6099853515625,2196800
2022-03-24,336.44000244140625,337.5,334.29998779296875,336.2300109863281,1944100
2022-03-25,337.42999267578125,341.8299865722656,335.4800109863281,337.489990234375,1580800
2022-03-28,338.1499938964844,338.5,331.510009765625,335.29998779296875,2182600
2022-03-29,342.4700012207031,344.0,336.7300109863281,339.6600036621094,2378700
2022-03-30,339.0,339.8599853515625,333.6300048828125,335.5899963378906,2650200
2022-03-31,336.1300048828125,336.5,330.1000061035156,330.1000061035156,2632000
2022-04-01,333.92999267578125,334.1600036621094,327.57000732421875,330.2200012207031,2444800
2022-04-04,330.0,331.8699951171875,325.8599853515625,328.2099914550781,2569400
2022-04-05,327.3599853515625,329.739990234375,323.4800109863281,323.9599914550781,2573900
2022-04-06,320.0,320.6199951171875,315.75,316.260009765625,3151300
2022-04-07,315.0,315.8299865722656,308.20001220703125,314.1499938964844,3562600
2022-04-08,313.5799865722656,323.67999267578125,313.0,321.3900146484375,3294200
2022-04-11,320.6099853515625,328.8999938964844,319.0299987792969,320.760009765625,2747700
2022-04-12,321.67999267578125,327.1199951171875,318.010009765625,319.7799987792969,2365200
2022-04-13,315.79998779296875,322.6300048828125,314.7200012207031,321.9700012207031,3022900
2022-04-14,328.4700012207031,333.0299987792969,319.0299987792969,321.6400146484375,5460900
2022-04-18,320.6499938964844,332.6600036621094,320.6499938964844,329.8800048828125,3653400
2022-04-19,330.4700012207031,337.20001220703125,330.4700012207031,335.95001220703125,2774800
2022-04-20,338.1000061035156,344.8999938964844,337.5,341.05999755859375,3040100
2022-04-21,344.3299865722656,347.3500061035156,333.3599853515625,334.29998779296875,3097800
2022-04-22,332.30999755859375,332.5,319.4700012207031,319.7699890136719,3125200
2022-04-25,316.3800048828125,322.1600036621094,312.739990234375,321.4200134277344,3093600
2022-04-26,317.95001220703125,321.6000061035156,312.79998779296875,313.1199951171875,2791700
2022-04-27,312.1400146484375,319.239990234375,312.1400146484375,313.2300109863281,2469300
2022-04-28,317.1199951171875,319.3599853515625,312.1499938964844,318.4100036621094,2176000
2022-04-29,317.25,319.0799865722656,304.7099914550781,305.489990234375,3129600
2022-05-02,305.80999755859375,311.3699951171875,302.2099914550781,310.4200134277344,2968100
2022-05-03,311.5199890136719,319.5199890136719,311.32000732421875,314.6600036621094,2606200
2022-05-04,315.8299865722656,324.79998779296875,312.1700134277344,324.1099853515625,2629400
2022-05-05,320.5,320.67999267578125,308.69000244140625,313.07000732421875,2622100
2022-05-06,312.2799987792969,313.7099914550781,306.05999755859375,312.9599914550781,2375600
2022-05-09,308.9200134277344,313.7699890136719,304.9800109863281,308.8900146484375,3234000
2022-05-10,311.7200012207031,315.1499938964844,300.6499938964844,305.05999755859375,2798400
2022-05-11,305.05999755859375,310.9100036621094,301.0,301.54998779296875,2320600
2022-05-12,300.0,302.8900146484375,293.8999938964844,299.4100036621094,3408300
2022-05-13,303.6300048828125,309.6300048828125,303.57000732421875,306.989990234375,2152500
2022-05-16,305.95001220703125,306.4700012207031,300.54998779296875,303.44000244140625,1568800
2022-05-17,309.8699951171875,314.32000732421875,308.1300048828125,312.9700012207031,2096200
2022-05-18,309.0,312.8599853515625,304.8800048828125,306.7300109863281,2033200
2022-05-19,303.82000732421875,309.989990234375,303.3900146484375,308.20001220703125,2108800
2022-05-20,311.260009765625,312.5899963378906,299.4100036621094,306.79998779296875,2201100
2022-05-23,312.7200012207031,321.8299865722656,311.07000732421875,316.6099853515625,2653000
2022-05-24,315.3500061035156,315.79998779296875,306.42999267578125,313.95001220703125,1870900
2022-05-25,311.25,317.6000061035156,309.9800109863281,314.8999938964844,1929500
2022-05-26,318.29998779296875,325.5,317.9800109863281,323.6300048828125,2440400
2022-05-27,326.75,328.6700134277344,323.19000244140625,328.5799865722656,2106700
2022-05-31,324.010009765625,329.7200012207031,322.6600036621094,326.8500061035156,2722900
2022-06-01,327.0,329.2699890136719,315.8299865722656,321.8500061035156,2330200
2022-06-02,320.5899963378906,325.20001220703125,319.2300109863281,324.25,1957500
2022-06-03,320.8800048828125,322.5,317.5,318.67999267578125,1238900
2022-06-06,323.0,325.2099914550781,319.7900085449219,320.510009765625,1099700
2022-06-07,318.2799987792969,321.8399963378906,316.6600036621094,321.510009765625,2516800
2022-06-08,318.3399963378906,319.54998779296875,312.79998779296875,314.67999267578125,1438100
2022-06-09,313.55999755859375,314.1400146484375,304.0199890136719,304.2200012207031,2896500
2022-06-10,296.989990234375,298.6499938964844,286.8500061035156,287.0199890136719,3866900
2022-06-13,279.0,286.4200134277344,278.32000732421875,283.32000732421875,4218100
2022-06-14,284.3299865722656,289.17999267578125,281.29998779296875,282.5400085449219,2487700
2022-06-15,287.1600036621094,294.4800109863281,284.1700134277344,290.07000732421875,2725800
2022-06-16,282.67999267578125,286.1300048828125,279.1499938964844,284.9800109863281,2777300
2022-06-17,282.1300048828125,286.260009765625,278.1499938964844,279.7900085449219,5234400
2022-06-21,287.7699890136719,288.07000732421875,282.9800109863281,284.80999755859375,2506300
2022-06-22,282.2900085449219,286.010009765625,281.0400085449219,284.5400085449219,2463100
2022-06-23,283.760009765625,286.5899963378906,278.92999267578125,286.1700134277344,2547000
2022-06-24,291.0,303.1300048828125,290.0,302.75,3984300
2022-06-27,303.05999755859375,304.32000732421875,298.8800048828125,300.7799987792969,2091700
2022-06-28,305.8999938964844,308.9700012207031,299.17999267578125,299.489990234375,2276600
2022-06-29,303.3699951171875,307.44000244140625,299.9100036621094,303.2799987792969,2475900
2022-06-30,296.5799865722656,300.3299865722656,292.2300109863281,297.0199890136719,2669500
2022-07-01,295.2699890136719,300.3299865722656,291.7200012207031,299.2300109863281,1749400
2022-07-05,293.0,297.3500061035156,288.3599853515625,297.20001220703125,2480900
2022-07-06,296.2699890136719,297.3399963378906,290.6000061035156,293.760009765625,1774500
2022-07-07,297.6600036621094,299.07000732421875,293.6000061035156,298.6000061035156,2046500
2022-07-08,300.5,300.8900146484375,295.07000732421875,296.4700012207031,1438900
2022-07-11,293.20001220703125,296.5400085449219,291.8800048828125,293.17999267578125,1519400
2022-07-12,289.7099914550781,299.0799865722656,289.510009765625,292.5299987792969,1772600
2022-07-13,290.510009765625,291.19000244140625,285.80999755859375,290.1499938964844,1884100
2022-07-14,284.239990234375,284.239990234375,277.8399963378906,281.5899963378906,3171900
2022-07-15,286.5,296.42999267578125,285.1499938964844,293.8699951171875,3457600
2022-07-18,305.760009765625,311.25,298.7099914550781,301.260009765625,6767900
2022-07-19,303.5899963378906,319.1400146484375,303.5,318.04998779296875,5641100
2022-07-20,317.2799987792969,322.1700134277344,316.30999755859375,321.45001220703125,3489800
2022-07-21,320.510009765625,327.1600036621094,319.8500061035156,326.5400085449219,2518800
2022-07-22,327.1099853515625,329.04998779296875,322.19000244140625,323.92999267578125,1830300
2022-07-25,325.9700012207031,327.2900085449219,322.6000061035156,324.1199951171875,4024500
2022-07-26,321.7699890136719,324.2900085449219,317.760009765625,318.54998779296875,2054700
2022-07-27,320.2900085449219,326.3900146484375,318.3800048828125,324.5400085449219,2081900
2022-07-28,325.29998779296875,329.9800109863281,321.8900146484375,329.1099853515625,1820700
2022-07-29,329.5,335.17999267578125,329.5,333.3900146484375,2112200
2022-08-01,331.7300109863281,334.79998779296875,329.010009765625,332.0799865722656,1476500
2022-08-02,329.5,331.8299865722656,327.2200012207031,327.8800048828125,1862900
2022-08-03,332.07000732421875,335.510009765625,329.6199951171875,333.1700134277344,1770600
2022-08-04,333.2799987792969,334.29998779296875,330.6199951171875,331.8699951171875,1533400
2022-08-05,330.8999938964844,336.9100036621094,329.6700134277344,334.6700134277344,1876400
2022-08-08,337.1099853515625,338.8399963378906,334.3399963378906,334.67999267578125,1460000
2022-08-09,336.1499938964844,338.1700134277344,334.57000732421875,336.6199951171875,1587900
2022-08-10,341.3599853515625,349.70001220703125,341.3500061035156,347.9100036621094,2459500
2022-08-11,350.0,356.04998779296875,349.7799987792969,351.67999267578125,2360800
2022-08-12,353.44000244140625,354.55999755859375,350.1499938964844,353.82000732421875,2369000
2022-08-15,351.0,358.6199951171875,349.04998779296875,355.8500061035156,2045700
2022-08-16,352.989990234375,356.4700012207031,352.0199890136719,354.9700012207031,1740900
2022-08-17,351.8999938964844,355.5899963378906,350.7699890136719,353.739990234375,1576300
2022-08-18,352.6600036621094,355.1000061035156,350.8599853515625,354.5199890136719,1102200
2022-08-19,351.0,351.8599853515625,347.5,349.2699890136719,1812300
2022-08-22,342.44000244140625,344.5299987792969,340.760009765625,342.4200134277344,1723900
2022-08-23,341.95001220703125,344.07000732421875,339.0299987792969,340.17999267578125,1538000
2022-08-24,339.0199890136719,344.32000732421875,338.489990234375,341.94000244140625,1530800
2022-08-25,344.45001220703125,346.8599853515625,342.1099853515625,346.489990234375,1763900
2022-08-26,348.3399963378906,348.739990234375,336.0,336.3999938964844,1703900
2022-08-29,333.9200134277344,336.3999938964844,332.010009765625,333.9200134277344,1835600
2022-08-30,335.0,336.010009765625,331.17999267578125,333.6300048828125,1830300
2022-08-31,331.54998779296875,335.1400146484375,329.67999267578125,332.6700134277344,2488000
2022-09-01,329.8699951171875,333.69000244140625,324.6199951171875,333.5,1575100
2022-09-02,334.67999267578125,340.32000732421875,329.9700012207031,331.4800109863281,2215400
2022-09-06,332.32000732421875,333.25,323.4599914550781,326.489990234375,1578100
2022-09-07,324.25,332.1600036621094,323.25,330.55999755859375,1496600
2022-09-08,330.2900085449219,335.80999755859375,327.3599853515625,335.3800048828125,1755600
2022-09-09,337.9800109863281,341.0299987792969,337.0299987792969,340.1000061035156,1445600
2022-09-12,341.6600036621094,344.3699951171875,340.0899963378906,342.5799865722656,1563200
2022-09-13,336.0799865722656,336.5199890136719,326.8299865722656,328.3900146484375,2242100
2022-09-14,328.45001220703125,330.92999267578125,323.5,327.260009765625,1953300
2022-09-15,328.7300109863281,335.2799987792969,327.5899963378906,331.6199951171875,1489400
2022-09-16,326.3800048828125,329.0,319.7900085449219,326.2099914550781,2946800
2022-09-19,320.57000732421875,329.2900085449219,320.5400085449219,328.6600036621094,1652700
2022-09-20,325.70001220703125,326.79998779296875,320.010009765625,323.260009765625,1569900
2022-09-21,324.9200134277344,329.7900085449219,320.6300048828125,320.7099914550781,1796700
2022-09-22,322.32000732421875,323.3900146484375,311.20001220703125,312.9200134277344,2239900
2022-09-23,307.54998779296875,309.7900085449219,297.4599914550781,301.9700012207031,2918500
2022-09-26,299.0,302.1000061035156,292.30999755859375,294.6199951171875,2308800
2022-09-27,297.5,299.1499938964844,288.6199951171875,291.3800048828125,2007400
2022-09-28,294.0,302.4100036621094,292.4599914550781,300.7900085449219,2289700
2022-09-29,297.07000732421875,299.3500061035156,291.54998779296875,296.1099853515625,1930800
2022-09-30,296.0,301.0899963378906,292.70001220703125,293.04998779296875,1970800
2022-10-03,297.1700134277344,301.2300109863281,291.1000061035156,299.1499938964844,1938800
2022-10-04,306.79998779296875,315.1600036621094,305.8800048828125,314.8699951171875,2399500
2022-10-05,306.5799865722656,310.2099914550781,303.6000061035156,309.0,1992800
2022-10-06,307.3900146484375,309.0799865722656,303.4200134277344,304.6700134277344,1367400
2022-10-07,304.0,305.1499938964844,299.1499938964844,301.0799865722656,1790100
2022-10-10,303.6300048828125,304.7200012207031,298.42999267578125,300.5400085449219,1309600
2022-10-11,298.010009765625,302.5199890136719,293.9200134277344,294.2099914550781,2392800
2022-10-12,293.989990234375,299.7799987792969,291.7099914550781,295.30999755859375,1763800
2022-10-13,290.4200134277344,308.760009765625,287.75,307.07000732421875,2724900
2022-10-14,307.4599914550781,311.6199951171875,299.07000732421875,299.989990234375,2397600
2022-10-17,304.4100036621094,311.6199951171875,304.1400146484375,306.7099914550781,3118600
2022-10-18,321.6700134277344,324.4800109863281,312.0,313.8500061035156,6428600
2022-10-19,312.6099853515625,314.7900085449219,308.05999755859375,311.760009765625,2363800
2022-10-20,312.1000061035156,316.04998779296875,309.0,310.80999755859375,2382300
2022-10-21,311.0,325.7699890136719,309.489990234375,325.1000061035156,3545700
2022-10-24,328.5,331.239990234375,325.8500061035156,328.70001220703125,2232600
2022-10-25,327.8599853515625,333.6000061035156,325.9200134277344,332.3999938964844,1837700
2022-10-26,334.5199890136719,338.6700134277344,334.1400146484375,335.69000244140625,2176700
2022-10-27,339.30999755859375,341.92999267578125,336.5299987792969,337.17999267578125,1998800
2022-10-28,338.5199890136719,342.5799865722656,336.0,341.82000732421875,1677100
2022-10-31,341.07000732421875,346.17999267578125,340.57000732421875,344.510009765625,2224000
2022-11-01,345.1300048828125,348.69000244140625,343.7699890136719,348.5799865722656,2316600
2022-11-02,347.6199951171875,357.44000244140625,346.739990234375,349.7900085449219,3221200
2022-11-03,347.5,350.6700134277344,342.5899963378906,348.8699951171875,2515600
2022-11-04,354.0,358.3800048828125,351.2300109863281,357.9100036621094,3172700
2022-11-07,360.010009765625,362.9599914550781,358.5199890136719,362.55999755859375,2526900
2022-11-08,362.29998779296875,367.19000244140625,361.4599914550781,364.0199890136719,3501300
2022-11-09,362.95001220703125,367.1499938964844,360.8800048828125,362.0,3047200
2022-11-10,370.0,380.42999267578125,369.739990234375,378.30999755859375,3790400
2022-11-11,380.0,387.0,378.75,385.1700134277344,3409100
2022-11-14,384.0,387.29998779296875,380.5,382.3599853515625,2609100
2022-11-15,385.9800109863281,389.5799865722656,380.6499938964844,382.8800048828125,3192400
2022-11-16,383.2099914550781,385.3999938964844,380.010009765625,382.3299865722656,2303700
2022-11-17,377.1499938964844,381.7200012207031,375.010009765625,379.7799987792969,2297600
2022-11-18,381.2799987792969,382.8299865722656,377.3900146484375,379.20001220703125,2384500
2022-11-21,378.8999938964844,380.7699890136719,375.4200134277344,380.2099914550781,1877500
2022-11-22,381.3999938964844,385.8299865722656,381.3999938964844,383.8699951171875,2019400
2022-11-23,383.8999938964844,388.20001220703125,383.4100036621094,386.25,1865400
2022-11-25,385.760009765625,389.44000244140625,385.17999267578125,388.8599853515625,1129300
2022-11-28,385.42999267578125,388.3900146484375,380.8900146484375,382.3599853515625,2232200
2022-11-29,381.1300048828125,384.92999267578125,379.260009765625,383.7099914550781,1746900
2022-11-30,382.5,386.1499938964844,375.1000061035156,386.1499938964844,2964100
2022-12-01,386.5,386.5,380.45001220703125,383.80999755859375,1706300
2022-12-02,381.5199890136719,382.5199890136719,378.3999938964844,380.5799865722656,1932300
2022-12-05,378.54998779296875,378.8699951171875,369.30999755859375,371.5400085449219,2329600
2022-12-06,369.4800109863281,370.3699951171875,360.3299865722656,362.9100036621094,3081900
2022-12-07,362.489990234375,365.29998779296875,358.1499938964844,359.9200134277344,2128200
2022-12-08,362.0299987792969,362.5899963378906,356.05999755859375,358.0799865722656,1967800
2022-12-09,356.7099914550781,361.6400146484375,356.2099914550781,359.1400146484375,1588800
2022-12-12,358.57000732421875,364.010009765625,356.3399963378906,363.17999267578125,1750400
2022-12-13,374.6300048828125,378.55999755859375,365.510009765625,368.69000244140625,3062600
2022-12-14,367.010009765625,368.8299865722656,359.45001220703125,360.3800048828125,2519700
2022-12-15,354.4800109863281,356.1099853515625,347.94000244140625,349.8299865722656,3163700
2022-12-16,345.0799865722656,347.7799987792969,343.4100036621094,346.3500061035156,5008800
2022-12-19,346.2699890136719,348.3999938964844,342.6300048828125,344.6099853515625,1646700
2022-12-20,345.989990234375,347.4200134277344,343.489990234375,344.489990234375,1623000
2022-12-21,348.260009765625,350.8800048828125,346.8900146484375,350.1600036621094,1923100
2022-12-22,347.1600036621094,348.04998779296875,339.8800048828125,345.5799865722656,1528900
2022-12-23,344.8399963378906,347.760009765625,343.1099853515625,345.510009765625,1062000
2022-12-27,346.510009765625,347.75,341.7900085449219,341.9700012207031,1035000
2022-12-28,340.5,342.8500061035156,339.29998779296875,340.8699951171875,1117200
2022-12-29,342.44000244140625,344.6400146484375,341.239990234375,343.42999267578125,1273600
2022-12-30,341.739990234375,343.69000244140625,339.3999938964844,343.3800048828125,1031400
2023-01-03,345.5,348.6000061035156,342.80999755859375,346.2200012207031,1589700
2023-01-04,348.0299987792969,350.30999755859375,345.0799865722656,347.70001220703125,1881000
2023-01-05,344.25,345.1400146484375,340.1400146484375,343.760009765625,1397800
2023-01-06,347.29998779296875,349.0,340.95001220703125,348.0799865722656,3097800
2023-01-09,351.8800048828125,356.5,349.5,353.0,1989000
2023-01-10,352.6400146484375,357.5,350.5,357.3599853515625,1610100
2023-01-11,358.8699951171875,365.5,356.2099914550781,364.4800109863281,2127000
2023-01-12,366.239990234375,370.1000061035156,362.57000732421875,369.94000244140625,2103100
2023-01-13,363.489990234375,374.3500061035156,362.3599853515625,374.0,3310200
2023-01-17,364.79998779296875,366.7900085449219,344.0,349.9200134277344,14448300
2023-01-18,348.32000732421875,354.7900085449219,347.79998779296875,349.0899963378906,5585200
2023-01-19,346.0299987792969,352.1600036621094,345.5199890136719,350.75,3100400
2023-01-20,349.8699951171875,352.25,338.2099914550781,341.8399963378906,11247200
2023-01-23,341.6700134277344,349.55999755859375,336.1600036621094,349.1400146484375,4915700
2023-01-24,340.0,350.29998779296875,340.0,348.3299865722656,2372000
2023-01-25,344.75,349.9599914550781,343.8999938964844,349.6300048828125,1985200
2023-01-26,351.7300109863281,355.0,349.5199890136719,354.9700012207031,1919200
2023-01-27,351.95001220703125,355.989990234375,351.8299865722656,353.70001220703125,2427400
2023-01-30,353.2900085449219,362.3299865722656,352.3999938964844,357.4599914550781,3184500
2023-01-31,359.1600036621094,365.9200134277344,356.8599853515625,365.80999755859375,2311500
2023-02-01,359.1000061035156,368.94000244140625,358.760009765625,365.7099914550781,2889400
2023-02-02,368.0,372.8900146484375,364.54998779296875,369.4700012207031,2619600
2023-02-03,365.6199951171875,374.57000732421875,365.44000244140625,369.95001220703125,2243100
2023-02-06,369.0,371.260009765625,365.7799987792969,370.79998779296875,1816200
2023-02-07,368.1700134277344,376.30999755859375,367.3399963378906,374.3999938964844,2205500
2023-02-08,372.9200134277344,378.3500061035156,371.9800109863281,375.1000061035156,1893200
2023-02-09,377.0400085449219,379.67999267578125,367.79998779296875,367.989990234375,2052500
2023-02-10,367.0,372.2300109863281,364.55999755859375,371.2799987792969,1933400
2023-02-13,369.0899963378906,375.05999755859375,368.0,374.0199890136719,1570600
2023-02-14,373.94000244140625,377.04998779296875,369.3800048828125,371.7799987792969,2155500
2023-02-15,368.739990234375,374.3699951171875,368.25,374.3399963378906,1687200
2023-02-16,370.75,374.25,368.79998779296875,370.20001220703125,1947800
2023-02-17,368.04998779296875,371.05999755859375,366.8599853515625,368.5,1857300
2023-02-21,366.7200012207031,366.7200012207031,360.0899963378906,361.1199951171875,2403000
2023-02-22,361.6300048828125,363.0,358.0400085449219,360.8900146484375,2203800
2023-02-23,363.20001220703125,367.8800048828125,359.6099853515625,363.5400085449219,1931400
2023-02-24,360.1700134277344,365.17999267578125,359.5299987792969,363.8500061035156,2428600
2023-02-27,368.2200012207031,370.29998779296875,364.510009765625,365.5299987792969,2842400
2023-02-28,366.0,366.010009765625,351.3299865722656,351.6499938964844,4945600
2023-03-01,349.3900146484375,352.5400085449219,345.9599914550781,346.2300109863281,2717400
2023-03-02,343.989990234375,349.7799987792969,340.489990234375,349.1000061035156,3259800
2023-03-03,350.6400146484375,357.7699890136719,349.55999755859375,357.0899963378906,2396200
2023-03-06,358.05999755859375,358.8599853515625,353.7300109863281,357.04998779296875,1614200
2023-03-07,355.54998779296875,356.20001220703125,345.6300048828125,346.0799865722656,2048500
2023-03-08,346.19000244140625,349.69000244140625,345.1700134277344,349.2900085449219,1584600
2023-03-09,349.20001220703125,354.2900085449219,341.04998779296875,342.0899963378906,3177800
2023-03-10,338.8699951171875,339.92999267578125,326.0299987792969,327.6700134277344,4559700
2023-03-13,319.6700134277344,326.1099853515625,314.5400085449219,315.510009765625,5660700
2023-03-14,324.7699890136719,326.3800048828125,318.95001220703125,322.1499938964844,3785900
2023-03-15,310.7699890136719,312.510009765625,304.4100036621094,312.19000244140625,6596700
2023-03-16,309.0,318.32000732421875,304.9200134277344,315.0899963378906,4399100
2023-03-17,310.0899963378906,310.3999938964844,301.8699951171875,303.5400085449219,6369800
2023-03-20,306.7799987792969,312.20001220703125,306.260009765625,309.5299987792969,3963700
2023-03-21,317.6199951171875,320.32000732421875,315.3500061035156,317.2799987792969,3242400
2023-03-22,317.2799987792969,322.2200012207031,313.489990234375,313.6700134277344,2505900
2023-03-23,315.2099914550781,321.3599853515625,312.6400146484375,314.8500061035156,2585900
2023-03-24,310.1499938964844,312.75,305.3599853515625,312.57000732421875,2456700
2023-03-27,318.6199951171875,320.8999938964844,317.1700134277344,318.5299987792969,2300600
2023-03-28,319.0899963378906,320.6099853515625,316.1199951171875,318.44000244140625,1224300
2023-03-29,322.5,322.7099914550781,318.67999267578125,320.7200012207031,1475900
2023-03-30,324.55999755859375,324.8699951171875,319.8800048828125,321.1400146484375,1456300
2023-03-31,323.4700012207031,327.3299865722656,322.4200134277344,327.1099853515625,2281100
2023-04-03,326.1400146484375,328.9800109863281,323.1499938964844,326.5199890136719,1808800
2023-04-04,326.82000732421875,326.8699951171875,320.1199951171875,322.6499938964844,1536800
2023-04-05,319.6199951171875,322.20001220703125,319.3699951171875,321.5299987792969,1329300
2023-04-06,320.3800048828125,323.2300109863281,319.9800109863281,322.3999938964844,1311000
2023-04-10,322.3999938964844,324.989990234375,321.30999755859375,324.9599914550781,1114400
2023-04-11,326.04998779296875,329.20001220703125,323.6700134277344,327.3699951171875,1559600
2023-04-12,331.7200012207031,332.07000732421875,327.17999267578125,330.239990234375,1862400
2023-04-13,330.0799865722656,332.94000244140625,327.0,332.1300048828125,1765500
2023-04-14,336.5299987792969,339.6300048828125,334.32000732421875,336.9200134277344,2275700
2023-04-17,336.0,340.45001220703125,333.67999267578125,339.67999267578125,3012100
2023-04-18,328.0,336.54998779296875,326.1300048828125,333.9100036621094,7549500
2023-04-19,332.9800109863281,336.989990234375,331.6700134277344,336.8900146484375,2625400
2023-04-20,334.95001220703125,339.30999755859375,334.32000732421875,338.7099914550781,2217900
2023-04-21,339.0,342.3599853515625,336.0,341.6600036621094,2278900
2023-04-24,341.989990234375,345.05999755859375,341.5299987792969,343.9599914550781,1966300
2023-04-25,341.0,343.4700012207031,338.3299865722656,339.4800109863281,2138200
2023-04-26,337.5799865722656,340.6000061035156,334.6400146484375,336.55999755859375,2041900
2023-04-27,340.1400146484375,343.3599853515625,338.760009765625,341.6000061035156,1768200
2023-04-28,340.04998779296875,344.1000061035156,339.70001220703125,343.44000244140625,1714100
2023-05-01,344.04998779296875,347.4599914550781,340.3699951171875,340.57000732421875,1375000
2023-05-02,339.010009765625,339.8900146484375,330.0,333.3699951171875,2397600
2023-05-03,332.3599853515625,334.8299865722656,328.25,328.6499938964844,1825400
2023-05-04,325.95001220703125,326.9800109863281,318.55999755859375,321.260009765625,2965100
2023-05-05,325.05999755859375,327.8699951171875,322.4200134277344,327.0199890136719,2413400
2023-05-08,329.6400146484375,330.29998779296875,325.6700134277344,326.510009765625,1607300
2023-05-09,325.0400085449219,327.17999267578125,323.29998779296875,324.7699890136719,1253300
2023-05-10,329.9200134277344,329.9200134277344,319.0799865722656,322.54998779296875,1752200
2023-05-11,319.6600036621094,321.94000244140625,318.17999267578125,320.7200012207031,1515200
2023-05-12,322.0400085449219,323.2200012207031,317.32000732421875,319.5,1099100
2023-05-15,320.4200134277344,323.25,318.05999755859375,322.07000732421875,1178200
2023-05-16,322.5,323.07000732421875,320.5,320.80999755859375,1618900
2023-05-17,322.6600036621094,330.3900146484375,322.6600036621094,330.17999267578125,2098100
2023-05-18,330.0,330.6000061035156,325.6600036621094,329.5799865722656,1645400
2023-05-19,330.0,331.95001220703125,324.7900085449219,326.1499938964844,1546100
2023-05-22,326.1499938964844,327.3399963378906,322.42999267578125,324.9200134277344,1498900
2023-05-23,323.6000061035156,327.1400146484375,322.80999755859375,323.57000732421875,1550900
2023-05-24,320.3900146484375,321.8999938964844,318.79998779296875,319.80999755859375,1439100
2023-05-25,318.9200134277344,325.17999267578125,318.79998779296875,323.8800048828125,1618500
2023-05-26,324.7200012207031,332.8699951171875,324.0,332.010009765625,2718700
2023-05-30,332.0799865722656,332.5299987792969,327.7300109863281,330.8299865722656,1998600
2023-05-31,326.07000732421875,327.25,321.82000732421875,323.8999938964844,2938000
2023-06-01,324.510009765625,324.67999267578125,314.0199890136719,316.3999938964844,3339700
2023-06-02,318.239990234375,325.2699890136719,317.04998779296875,323.6499938964844,3987700
2023-06-05,322.92999267578125,323.489990234375,320.32000732421875,321.80999755859375,1462900
2023-06-06,322.42999267578125,328.07000732421875,321.3999938964844,326.79998779296875,1495600
2023-06-07,327.6400146484375,337.8399963378906,326.32000732421875,335.75,3382700
2023-06-08,335.3599853515625,336.3299865722656,331.3399963378906,335.4700012207031,2009500
2023-06-09,335.2099914550781,336.20001220703125,332.5400085449219,336.0199890136719,1702100
2023-06-12,338.44000244140625,340.0899963378906,336.3500061035156,339.489990234375,2290800
2023-06-13,340.20001220703125,345.2799987792969,339.45001220703125,342.5,1772400
2023-06-14,344.7799987792969,347.7300109863281,337.2300109863281,338.4200134277344,1819400
2023-06-15,337.32000732421875,344.0,335.70001220703125,339.739990234375,3322700
2023-06-16,341.3800048828125,341.3999938964844,337.1099853515625,338.30999755859375,4544900
2023-06-20,335.32000732421875,335.3800048828125,329.2300109863281,330.7200012207031,3208100
2023-06-21,328.45001220703125,330.0,324.9200134277344,325.07000732421875,2158700
2023-06-22,323.69000244140625,324.260009765625,319.010009765625,319.5799865722656,2409100
2023-06-23,316.55999755859375,317.7099914550781,314.07000732421875,314.7099914550781,2612000
2023-06-26,315.1300048828125,316.6400146484375,312.1700134277344,312.3599853515625,2481000
2023-06-27,312.4100036621094,315.67999267578125,310.55999755859375,313.45001220703125,2156800
2023-06-28,311.7200012207031,314.8999938964844,310.69000244140625,313.6600036621094,2423500
2023-06-29,317.8500061035156,325.5,316.25,323.0899963378906,3553600
2023-06-30,325.82000732421875,326.0299987792969,322.45001220703125,322.5400085449219,2361800
2023-07-03,322.4100036621094,329.3999938964844,322.4100036621094,326.6099853515625,1106800
2023-07-05,323.95001220703125,324.6099853515625,319.6300048828125,320.04998779296875,2561000
2023-07-06,318.0,318.6400146484375,312.8399963378906,313.0,2896900
2023-07-07,313.20001220703125,317.3699951171875,312.70001220703125,315.1700134277344,2903100
2023-07-10,316.6700134277344,320.0799865722656,316.0,316.4700012207031,1775800
2023-07-11,318.8299865722656,321.0400085449219,314.5799865722656,320.8800048828125,2041700
2023-07-12,324.5799865722656,333.3500061035156,324.25,326.3999938964844,2741300
2023-07-13,327.3500061035156,329.2799987792969,325.69000244140625,328.67999267578125,2787800
2023-07-14,331.989990234375,332.4800109863281,325.0199890136719,326.19000244140625,1815200
2023-07-17,325.8900146484375,327.489990234375,324.3599853515625,327.20001220703125,1777400
2023-07-18,327.29998779296875,338.25,327.29998779296875,337.2699890136719,3887400
2023-07-19,338.0,345.8800048828125,331.29998779296875,340.54998779296875,6037400
2023-07-20,339.1600036621094,351.67999267578125,339.1600036621094,350.8599853515625,3915000
2023-07-21,351.7799987792969,355.0799865722656,346.7799987792969,351.9599914550781,3217400
2023-07-24,352.8299865722656,361.6199951171875,352.0,358.92999267578125,3517500
2023-07-25,357.4200134277344,360.82000732421875,353.9800109863281,354.70001220703125,2893000
2023-07-26,354.489990234375,360.260009765625,354.2799987792969,357.55999755859375,2281600
2023-07-27,358.1300048828125,360.5400085449219,354.1700134277344,354.510009765625,2010800
2023-07-28,356.1099853515625,356.5,351.6099853515625,353.2300109863281,1827400
2023-07-31,354.8800048828125,357.20001220703125,354.0199890136719,355.8699951171875,1385500
2023-08-01,354.0,357.8699951171875,353.3900146484375,357.7200012207031,2024300
2023-08-02,354.989990234375,354.989990234375,348.8699951171875,351.1000061035156,2106600
2023-08-03,349.989990234375,355.2099914550781,348.6199951171875,353.1600036621094,1840400
2023-08-04,353.3399963378906,358.7300109863281,352.510009765625,353.2200012207031,1725300
2023-08-07,355.3999938964844,357.6700134277344,353.9200134277344,355.55999755859375,1260300
2023-08-08,351.70001220703125,352.0,342.0299987792969,348.260009765625,1917300
2023-08-09,346.82000732421875,348.4599914550781,342.489990234375,342.69000244140625,1326000
2023-08-10,344.07000732421875,347.260009765625,339.79998779296875,340.3999938964844,1345900
2023-08-11,339.92999267578125,341.7900085449219,337.54998779296875,340.7300109863281,1256800
2023-08-14,337.4100036621094,338.45001220703125,334.8599853515625,337.739990234375,1347000
2023-08-15,333.29998779296875,334.0299987792969,330.4800109863281,332.2099914550781,1657800
2023-08-16,330.5400085449219,332.9200134277344,328.9700012207031,329.1099853515625,3340300
2023-08-17,330.0,333.989990234375,324.0,327.5199890136719,3135200
2023-08-18,324.32000732421875,327.6199951171875,323.20001220703125,324.92999267578125,1730500
2023-08-21,325.3900146484375,326.3900146484375,319.3900146484375,322.05999755859375,1983500
2023-08-22,322.4800109863281,322.6400146484375,318.30999755859375,318.7900085449219,1810300
2023-08-23,320.6199951171875,322.45001220703125,318.0,322.3299865722656,1429000
2023-08-24,322.1499938964844,327.489990234375,319.510009765625,319.9599914550781,1185600
2023-08-25,320.79998779296875,322.7200012207031,318.19000244140625,320.1499938964844,1159600
2023-08-28,321.3399963378906,326.6000061035156,321.3399963378906,325.9700012207031,1440100
2023-08-29,325.55999755859375,332.70001220703125,324.67999267578125,332.54998779296875,1831700
2023-08-30,330.0,331.9100036621094,327.6499938964844,328.5799865722656,1131500
2023-08-31,329.4100036621094,330.489990234375,325.9599914550781,327.7099914550781,1271100
2023-09-01,329.6700134277344,331.6199951171875,326.2099914550781,327.3999938964844,1201400
2023-09-05,327.3399963378906,328.4800109863281,322.6300048828125,323.75,1846000
2023-09-06,322.30999755859375,324.1400146484375,319.30999755859375,321.1300048828125,2120800
2023-09-07,320.6199951171875,324.2200012207031,320.1300048828125,321.9599914550781,1471100
2023-09-08,321.9200134277344,325.9700012207031,321.6600036621094,325.5199890136719,2026400
2023-09-11,328.260009765625,330.1499938964844,324.2900085449219,324.6499938964844,1283100
2023-09-12,324.010009765625,335.2799987792969,324.0,330.8999938964844,2054700
2023-09-13,333.5,337.010009765625,330.82000732421875,334.9800109863281,2165000
2023-09-14,339.0,345.1199951171875,336.8500061035156,344.57000732421875,2822700
2023-09-15,345.1499938964844,346.19000244140625,341.8599853515625,342.5400085449219,3063900
2023-09-18,342.5400085449219,344.260009765625,339.2699890136719,343.32000732421875,1356600
2023-09-19,343.4599914550781,344.9700012207031,337.9700012207031,341.8900146484375,1660200
2023-09-20,342.6099853515625,343.79998779296875,336.2900085449219,336.70001220703125,1224400
2023-09-21,334.5,334.69000244140625,330.0799865722656,330.239990234375,1685100
2023-09-22,330.1000061035156,331.5400085449219,326.8299865722656,327.8900146484375,1669100
2023-09-25,327.07000732421875,329.2900085449219,325.2799987792969,328.8399963378906,833300
2023-09-26,325.6099853515625,327.42999267578125,322.4200134277344,323.82000732421875,1481800
2023-09-27,324.9800109863281,325.0,318.9800109863281,321.95001220703125,1493000
2023-09-28,320.2099914550781,326.8399963378906,320.2099914550781,325.20001220703125,1389600
2023-09-29,327.20001220703125,327.9599914550781,322.2699890136719,323.57000732421875,1403900
2023-10-02,322.0299987792969,323.5799865722656,317.1000061035156,318.5,1303800
2023-10-03,315.2699890136719,315.67999267578125,304.3900146484375,306.1199951171875,3118600
2023-10-04,304.8500061035156,309.05999755859375,303.4800109863281,308.6000061035156,1872000
2023-10-05,307.3599853515625,310.54998779296875,304.2099914550781,310.5,1584600
2023-10-06,308.1099853515625,315.32000732421875,307.1700134277344,312.4800109863281,1595100
2023-10-09,308.8999938964844,313.4800109863281,308.3699951171875,312.6099853515625,1094400
2023-10-10,314.4700012207031,316.8500061035156,312.2900085449219,314.7699890136719,1193800
2023-10-11,315.42999267578125,316.6300048828125,311.6000061035156,313.0199890136719,1672500
2023-10-12,314.1499938964844,314.25,308.0199890136719,309.8500061035156,1727700
2023-10-13,312.0,316.17999267578125,308.1700134277344,309.29998779296875,1785200
2023-10-16,313.17999267578125,315.8999938964844,310.25,314.3900146484375,2273900
2023-10-17,313.3800048828125,316.17999267578125,305.9100036621094,309.3599853515625,4123000
2023-10-18,307.0,307.2200012207031,301.4800109863281,301.9599914550781,3460300
2023-10-19,301.9599914550781,305.3399963378906,298.6300048828125,299.19000244140625,3211800
2023-10-20,298.5,303.25,298.1000061035156,300.04998779296875,2329000
2023-10-23,298.2900085449219,303.54998779296875,298.19000244140625,299.2200012207031,2959800
2023-10-24,300.0,303.1000061035156,299.0799865722656,299.17999267578125,1697100
2023-10-25,298.6000061035156,300.0,295.0299987792969,296.760009765625,1809300
2023-10-26,296.9599914550781,300.1400146484375,294.7799987792969,296.989990234375,2011200
2023-10-27,297.54998779296875,298.2699890136719,289.3599853515625,289.9100036621094,2601700
2023-10-30,293.45001220703125,301.80999755859375,293.2900085449219,300.8299865722656,3065200
2023-10-31,301.67999267578125,304.2900085449219,300.70001220703125,303.6099853515625,2611000
2023-11-01,303.3299865722656,308.25,302.8399963378906,307.1600036621094,2345400
2023-11-02,309.69000244140625,314.5400085449219,308.0,313.760009765625,2597000
2023-11-03,318.4599914550781,329.3299865722656,317.92999267578125,327.6199951171875,3742000
2023-11-06,326.6600036621094,328.8999938964844,322.1000061035156,323.9100036621094,2087600
2023-11-07,322.1300048828125,326.3900146484375,321.2900085449219,323.95001220703125,1505000
2023-11-08,323.95001220703125,326.6600036621094,323.6700134277344,324.55999755859375,1484400
2023-11-09,326.0,326.6499938964844,319.6600036621094,320.7799987792969,1787900
2023-11-10,323.32000732421875,326.05999755859375,321.6499938964844,325.510009765625,1781400
2023-11-13,324.1600036621094,328.7200012207031,323.5299987792969,326.9100036621094,1403300
2023-11-14,333.5299987792969,341.7799987792969,332.4700012207031,338.7200012207031,3592700
2023-11-15,339.8999938964844,341.0799865722656,335.3399963378906,337.6000061035156,2534500
2023-11-16,337.760009765625,339.75,335.010009765625,336.6700134277344,1620400
2023-11-17,339.5,340.45001220703125,338.1199951171875,339.19000244140625,1465200
2023-11-20,340.0,341.32000732421875,337.5,339.45001220703125,3146000
2023-11-21,338.3599853515625,339.0899963378906,334.54998779296875,334.9700012207031,1900900
2023-11-22,336.94000244140625,338.9100036621094,335.3699951171875,338.6400146484375,1235200
2023-11-24,338.79998779296875,340.2699890136719,337.6400146484375,339.1499938964844,460100
2023-11-27,339.19000244140625,340.0199890136719,335.739990234375,337.7099914550781,1250500
2023-11-28,337.3800048828125,338.3999938964844,334.8699951171875,337.6499938964844,1419000
2023-11-29,337.0,343.5299987792969,336.510009765625,340.260009765625,2038100
2023-11-30,341.67999267578125,344.760009765625,340.0899963378906,341.5400085449219,1903600
2023-12-01,341.4599914550781,348.8900146484375,340.4200134277344,348.42999267578125,3623300
2023-12-04,346.29998779296875,350.489990234375,345.2900085449219,349.3900146484375,2178100
2023-12-05,346.6000061035156,346.8299865722656,340.5400085449219,341.75,2429700
2023-12-06,343.510009765625,347.0,341.6000061035156,341.9700012207031,1869300
2023-12-07,343.7099914550781,344.69000244140625,342.0,344.6199951171875,2162400
2023-12-08,344.30999755859375,352.2900085449219,343.7799987792969,350.8299865722656,2238800
2023-12-11,351.44000244140625,353.0299987792969,349.04998779296875,351.760009765625,1636000
2023-12-12,351.4100036621094,354.0,349.5799865722656,352.6099853515625,1597600
2023-12-13,352.94000244140625,362.8500061035156,351.6000061035156,362.7300109863281,2876500
2023-12-14,366.5,386.20001220703125,365.0,383.4700012207031,5376300
2023-12-15,380.19000244140625,385.8999938964844,379.32000732421875,380.510009765625,4522300
2023-12-18,381.260009765625,382.760009765625,375.9100036621094,376.3999938964844,2740900
2023-12-19,376.010009765625,383.7699890136719,374.54998779296875,382.45001220703125,2091800
2023-12-20,380.7300109863281,385.1300048828125,377.25,377.5199890136719,1836500
2023-12-21,380.04998779296875,381.489990234375,377.010009765625,380.57000732421875,1301600
2023-12-22,382.0,383.489990234375,379.4100036621094,380.6499938964844,1538200
2023-12-26,380.6499938964844,382.6099853515625,380.04998779296875,381.6099853515625,837300
2023-12-27,381.20001220703125,385.75,380.30999755859375,384.4800109863281,1367200
2023-12-28,384.5199890136719,387.760009765625,383.6300048828125,386.4100036621094,1024700
2023-12-29,385.57000732421875,386.6400146484375,383.57000732421875,385.7699890136719,881300
2024-01-02,383.0,389.1400146484375,382.19000244140625,388.29998779296875,2263100
2024-01-03,383.8800048828125,385.3999938964844,376.760009765625,381.7900085449219,2265300
2024-01-04,383.54998779296875,387.0899963378906,381.95001220703125,382.95001220703125,1618300
2024-01-05,381.9200134277344,389.4700012207031,381.0799865722656,386.44000244140625,2913900
2024-01-08,385.9700012207031,389.0799865722656,382.0299987792969,388.8599853515625,1902600
2024-01-09,384.6000061035156,385.95001220703125,381.7699890136719,383.739990234375,1708800
2024-01-10,381.3500061035156,383.04998779296875,378.5299987792969,381.9599914550781,1547300
2024-01-11,380.8900146484375,380.9800109863281,374.67999267578125,379.75,2209900
2024-01-12,383.3399963378906,385.8500061035156,376.5799865722656,377.75,2223800
2024-01-16,378.3599853515625,385.010009765625,374.32000732421875,380.45001220703125,3926600
2024-01-17,375.20001220703125,380.20001220703125,374.1300048828125,377.17999267578125,2415100
2024-01-18,380.3299865722656,381.6400146484375,374.55999755859375,376.9100036621094,1771200
2024-01-19,376.7300109863281,383.29998779296875,372.07000732421875,382.20001220703125,2603300
2024-01-22,386.3599853515625,392.7300109863281,384.55999755859375,385.9599914550781,2922700
2024-01-23,379.9800109863281,383.3599853515625,378.6300048828125,380.7699890136719,3313300
2024-01-24,381.80999755859375,384.6099853515625,379.17999267578125,379.3999938964844,2235800
2024-01-25,382.69000244140625,386.7099914550781,382.010009765625,382.70001220703125,2376300
2024-01-26,378.6499938964844,380.8999938964844,376.75,377.7900085449219,3464700
2024-01-29,375.8900146484375,380.8399963378906,374.239990234375,380.55999755859375,1632300
2024-01-30,384.0,387.9200134277344,381.5899963378906,386.8699951171875,3897900
2024-01-31,386.0,393.9100036621094,383.70001220703125,384.010009765625,3421100
2024-02-01,384.42999267578125,389.5400085449219,378.79998779296875,383.8500061035156,2138500
2024-02-02,381.79998779296875,388.739990234375,380.6000061035156,387.8599853515625,2180900
2024-02-05,384.6000061035156,385.3299865722656,381.0,383.0199890136719,2231100
2024-02-06,383.0199890136719,386.82000732421875,383.0,384.989990234375,1487800
2024-02-07,385.30999755859375,387.07000732421875,382.5,386.6600036621094,1963200
2024-02-08,386.0,388.1099853515625,381.3399963378906,385.0400085449219,1913700
2024-02-09,384.7699890136719,386.1300048828125,382.5899963378906,384.260009765625,2028200
2024-02-12,385.0,396.3500061035156,384.32000732421875,392.6400146484375,2797200
2024-02-13,387.5899963378906,389.1600036621094,375.20001220703125,378.75,3030800
2024-02-14,380.8800048828125,381.4800109863281,375.7799987792969,378.0400085449219,2041300
2024-02-15,379.4200134277344,387.2099914550781,379.1400146484375,385.4200134277344,2218900
2024-02-16,383.239990234375,387.5799865722656,380.95001220703125,384.44000244140625,2376800
2024-02-20,380.95001220703125,385.5799865722656,380.8500061035156,384.5199890136719,2358900
2024-02-21,381.8399963378906,388.6600036621094,381.260009765625,388.2699890136719,1772500
2024-02-22,389.2300109863281,395.6000061035156,389.0,390.4700012207031,2326800
2024-02-23,390.0,396.7900085449219,389.2099914550781,391.04998779296875,2247400
2024-02-26,391.04998779296875,396.05999755859375,388.82000732421875,390.2200012207031,1797800
2024-02-27,392.260009765625,395.8999938964844,389.3299865722656,390.80999755859375,1724900
2024-02-28,387.19000244140625,393.260009765625,387.0,393.17999267578125,2572900
2024-02-29,395.2200012207031,395.9800109863281,385.6700134277344,389.04998779296875,3139100
2024-03-01,389.6300048828125,391.0400085449219,385.25,388.1000061035156,1697700
2024-03-04,388.80999755859375,396.57000732421875,386.20001220703125,392.25,1955100
2024-03-05,390.7200012207031,397.489990234375,390.30999755859375,390.9100036621094,2697800
2024-03-06,395.0,395.2900085449219,384.5199890136719,389.57000732421875,2692400
2024-03-07,391.8999938964844,394.510009765625,387.05999755859375,388.42999267578125,2033100
2024-03-08,388.7300109863281,395.6199951171875,386.7099914550781,386.989990234375,1657200
2024-03-11,385.6700134277344,386.4100036621094,381.4200134277344,386.1600036621094,1654200
2024-03-12,387.6199951171875,389.1300048828125,383.7799987792969,388.17999267578125,1703900
2024-03-13,388.9100036621094,395.25,388.17999267578125,392.30999755859375,2370600
2024-03-14,394.42999267578125,396.3800048828125,385.45001220703125,388.6099853515625,3029500
2024-03-15,388.8699951171875,391.1300048828125,386.3999938964844,387.2099914550781,3763900
2024-03-18,388.6499938964844,389.0299987792969,383.4100036621094,384.3699951171875,2069000
2024-03-19,384.07000732421875,390.7799987792969,383.7099914550781,388.6600036621094,1858200
2024-03-20,386.3599853515625,396.5,386.0,396.4700012207031,2157400
2024-03-21,399.7699890136719,414.0199890136719,399.0899963378906,413.7099914550781,4613800
2024-03-22,414.3999938964844,416.760009765625,405.7799987792969,406.82000732421875,2190300
2024-03-25,406.8699951171875,410.4599914550781,403.8599853515625,404.94000244140625,1683900
2024-03-26,406.0899963378906,409.3299865722656,404.5199890136719,406.17999267578125,1407000
2024-03-27,409.6199951171875,415.489990234375,408.3699951171875,415.25,2353600
2024-03-28,416.2099914550781,419.20001220703125,414.9800109863281,417.69000244140625,2409700
2024-04-01,416.67999267578125,417.95001220703125,412.0,413.510009765625,1863900
2024-04-02,410.739990234375,413.1700134277344,407.6199951171875,410.1499938964844,1976000
2024-04-03,411.0,416.6300048828125,411.0,414.0,1549200
2024-04-04,418.0,419.0,405.70001220703125,406.25,1704700
2024-04-05,406.55999755859375,409.1400146484375,401.4700012207031,408.07000732421875,1694900
2024-04-08,409.1000061035156,412.5299987792969,407.54998779296875,410.5400085449219,1181900
2024-04-09,411.510009765625,413.2200012207031,407.04998779296875,410.7099914550781,1247200
2024-04-10,404.010009765625,405.45001220703125,397.2900085449219,400.760009765625,1903300
2024-04-11,400.4800109863281,401.4700012207031,394.8399963378906,397.4800109863281,2176200
2024-04-12,392.8399963378906,394.0899963378906,387.1199951171875,389.489990234375,2815800
2024-04-15,407.0,412.8699951171875,398.69000244140625,400.8800048828125,6177000
2024-04-16,404.45001220703125,404.9700012207031,395.17999267578125,396.8599853515625,3459700
2024-04-17,402.3999938964844,407.1199951171875,401.17999267578125,403.9100036621094,4373800
2024-04-18,405.489990234375,407.8599853515625,402.4100036621094,403.1099853515625,2776300
2024-04-19,404.05999755859375,408.0,403.010009765625,404.0,2805500
2024-04-22,406.94000244140625,417.9800109863281,404.57000732421875,417.3500061035156,4165600
2024-04-23,417.7099914550781,425.3500061035156,416.20001220703125,424.0,2662300
2024-04-24,421.5,424.5799865722656,419.6099853515625,423.0400085449219,1575900
2024-04-25,420.989990234375,423.6099853515625,414.8500061035156,420.04998779296875,1970100
2024-04-26,420.2300109863281,428.5299987792969,419.6400146484375,427.57000732421875,2322700
2024-04-29,427.57000732421875,433.3299865722656,427.20001220703125,430.80999755859375,2453000
2024-04-30,428.5,431.3900146484375,426.0,426.7099914550781,1829900
2024-05-01,426.69000244140625,433.42999267578125,425.19000244140625,426.95001220703125,2310100
2024-05-02,431.20001220703125,433.6499938964844,428.1700134277344,432.57000732421875,2087500
2024-05-03,435.0,442.29998779296875,434.9200134277344,438.17999267578125,2406300
2024-05-06,441.75,444.3800048828125,439.67999267578125,443.6700134277344,1914300
2024-05-07,445.1700134277344,447.4200134277344,442.8699951171875,443.79998779296875,2058200
2024-05-08,442.79998779296875,448.0199890136719,442.04998779296875,446.95001220703125,2006700
2024-05-09,446.3399963378906,456.42999267578125,446.3399963378906,455.55999755859375,2710200
2024-05-10,456.5199890136719,458.75,454.32000732421875,454.7300109863281,1823900
2024-05-13,456.2699890136719,457.20001220703125,453.32000732421875,453.55999755859375,1579600
2024-05-14,454.8399963378906,461.7699890136719,454.010009765625,458.4700012207031,2412900
2024-05-15,461.5899963378906,466.19000244140625,460.95001220703125,466.0899963378906,2217700
2024-05-16,464.3699951171875,468.25,462.2799987792969,464.5199890136719,2070300
2024-05-17,466.3800048828125,468.6600036621094,464.25,467.7200012207031,1655900
2024-05-20,468.20001220703125,471.4800109863281,462.6000061035156,462.94000244140625,2591500
2024-05-21,462.2300109863281,471.30999755859375,462.20001220703125,470.4100036621094,2762600
2024-05-22,467.3599853515625,470.3299865722656,459.75,462.3800048828125,2729500
2024-05-23,464.2300109863281,464.30999755859375,457.4100036621094,458.1499938964844,2254500
2024-05-24,459.8399963378906,465.25,459.1000061035156,461.17999267578125,1932200
2024-05-28,459.94000244140625,463.69000244140625,458.9100036621094,459.80999755859375,1930800
2024-05-29,454.8399963378906,458.739990234375,451.6499938964844,457.1700134277344,2315700
2024-05-30,453.0,455.8599853515625,447.6000061035156,450.2300109863281,2135000
2024-05-31,449.760009765625,456.7699890136719,448.1199951171875,456.5199890136719,2638300
2024-06-03,458.8699951171875,458.8699951171875,450.20001220703125,454.9800109863281,1930700
2024-06-04,450.5,457.7099914550781,449.2099914550781,455.29998779296875,1835000
2024-06-05,457.54998779296875,463.0199890136719,457.5,461.67999267578125,1678900
2024-06-06,461.82000732421875,464.5199890136719,457.010009765625,458.1000061035156,1598000
2024-06-07,455.44000244140625,461.1600036621094,454.5,454.9100036621094,1736100
2024-06-10,452.3299865722656,455.3599853515625,450.29998779296875,453.54998779296875,1698600
2024-06-11,451.0400085449219,451.8599853515625,443.3800048828125,444.2699890136719,1938200
2024-06-12,455.6000061035156,457.6400146484375,446.19000244140625,448.70001220703125,1733000
2024-06-13,446.7300109863281,448.32000732421875,442.1499938964844,446.3500061035156,1849100
2024-06-14,441.989990234375,448.2300109863281,439.1499938964844,446.4599914550781,1559100
2024-06-17,445.1000061035156,450.7799987792969,443.3900146484375,450.17999267578125,1531600
2024-06-18,449.57000732421875,457.69000244140625,448.510009765625,457.42999267578125,1798400
2024-06-20,458.0,460.4100036621094,455.239990234375,458.04998779296875,2080600
2024-06-21,458.67999267578125,458.79998779296875,449.8999938964844,450.17999267578125,3780800
2024-06-24,451.25,463.5199890136719,450.0,462.0899963378906,1882200
2024-06-25,459.4599914550781,464.0799865722656,456.75,457.3800048828125,1555900
2024-06-26,455.4100036621094,457.92999267578125,452.45001220703125,455.8599853515625,2131700
2024-06-27,449.7799987792969,449.7799987792969,442.79998779296875,445.9599914550781,2835200
2024-06-28,450.1000061035156,457.3399963378906,449.5299987792969,452.32000732421875,3839700
2024-07-01,454.510009765625,464.0199890136719,454.010009765625,463.6600036621094,1850500
2024-07-02,461.510009765625,466.2699890136719,459.6000061035156,465.6099853515625,1491800
2024-07-03,469.0400085449219,469.8900146484375,465.82000732421875,467.9200134277344,993900
2024-07-05,467.4700012207031,467.5799865722656,460.1300048828125,464.75,1593800
2024-07-08,467.6499938964844,474.8599853515625,464.0400085449219,464.82000732421875,2214300
2024-07-09,465.6000061035156,479.29998779296875,461.5799865722656,472.8299865722656,4525100
2024-07-10,472.510009765625,479.8599853515625,469.8500061035156,478.8900146484375,1946000
2024-07-11,480.0,483.1600036621094,476.2699890136719,479.2300109863281,2251400
2024-07-12,480.92999267578125,483.44000244140625,478.1000061035156,479.8800048828125,2727800
2024-07-15,480.25,493.0,476.30999755859375,492.2300109863281,3568200
2024-07-16,494.0,506.5899963378906,491.989990234375,503.0199890136719,3981700
2024-07-17,503.0,509.4800109863281,499.42999267578125,502.17999267578125,3908900
2024-07-18,499.5199890136719,503.69000244140625,484.2200012207031,486.2099914550781,3320200
2024-07-19,489.1199951171875,492.6000061035156,483.19000244140625,484.92999267578125,2032700
2024-07-22,484.55999755859375,489.4700012207031,482.3800048828125,487.0400085449219,1792500
2024-07-23,487.0799865722656,495.80999755859375,486.2799987792969,492.1499938964844,2020500
2024-07-24,489.260009765625,495.989990234375,485.82000732421875,486.70001220703125,1598600
2024-07-25,486.04998779296875,496.1099853515625,483.2300109863281,491.7099914550781,1489700
2024-07-26,495.7200012207031,504.0,495.6499938964844,499.0299987792969,2249700
2024-07-29,500.4200134277344,502.0,491.05999755859375,492.7200012207031,1599500
2024-07-30,498.30999755859375,509.4700012207031,498.29998779296875,505.6700134277344,2642500
2024-07-31,504.8599853515625,517.260009765625,504.8599853515625,509.0299987792969,2658900
2024-08-01,510.0,514.02001953125,494.67999267578125,500.1199951171875,4006800
2024-08-02,491.1000061035156,494.4599914550781,467.2099914550781,470.6400146484375,6115500
2024-08-05,447.5899963378906,463.17999267578125,437.3699951171875,459.0199890136719,4177200
2024-08-06,461.010009765625,475.25,457.42999267578125,470.2200012207031,2209300
2024-08-07,479.3900146484375,488.54998779296875,472.57000732421875,473.010009765625,2587600
2024-08-08,477.8699951171875,487.7300109863281,477.1600036621094,485.7699890136719,1936400
2024-08-09,485.0199890136719,492.0,482.20001220703125,490.260009765625,1622700
2024-08-12,490.260009765625,492.8699951171875,483.75,485.5,1839300
2024-08-13,490.2900085449219,493.2699890136719,486.4700012207031,491.94000244140625,1243700
2024-08-14,492.8999938964844,499.3500061035156,488.3999938964844,498.70001220703125,1545600
2024-08-15,505.0,506.9100036621094,498.260009765625,499.0199890136719,1732300
2024-08-16,497.04998779296875,504.9100036621094,497.0,504.260009765625,1587000
2024-08-19,505.0,507.7799987792969,501.8599853515625,504.67999267578125,1027900
2024-08-20,503.8699951171875,504.1600036621094,496.5,497.3399963378906,2122700
2024-08-21,499.5,500.7799987792969,494.0299987792969,496.4599914550781,917100
2024-08-22,497.0,499.70001220703125,494.7900085449219,497.75,943800
2024-08-23,502.75,512.4400024414062,499.8500061035156,509.4200134277344,1751800
2024-08-26,512.3400268554688,513.5,505.32000732421875,507.8699951171875,1084200
2024-08-27,507.8399963378906,511.4800109863281,506.5899963378906,507.260009765625,977900
2024-08-28,506.6000061035156,508.3699951171875,498.4700012207031,503.3299865722656,1568100
2024-08-29,506.0,513.239990234375,501.1400146484375,510.1000061035156,1566300
2024-08-30,507.8299865722656,511.19000244140625,505.1700134277344,510.25,1838900
2024-09-03,507.4700012207031,509.70001220703125,485.3999938964844,487.4599914550781,2373600
2024-09-04,486.70001220703125,496.20001220703125,486.70001220703125,490.6400146484375,1509400
2024-09-05,493.5799865722656,495.7699890136719,483.07000732421875,487.8800048828125,1828300
2024-09-06,486.6000061035156,495.4100036621094,477.05999755859375,479.6099853515625,1995600
2024-09-09,485.5299987792969,494.2799987792969,483.3900146484375,488.57000732421875,1714200
2024-09-10,489.1300048828125,489.20001220703125,461.57000732421875,467.1300048828125,3583100
2024-09-11,463.9800109863281,471.8900146484375,457.4800109863281,471.1700134277344,2426500
2024-09-12,471.29998779296875,474.3399963378906,465.3999938964844,474.05999755859375,1480500
2024-09-13,475.989990234375,482.1000061035156,475.5,478.989990234375,1794500
2024-09-16,481.42999267578125,487.3800048828125,479.489990234375,485.1600036621094,1500300
2024-09-17,488.0,489.7300109863281,481.79998779296875,485.3900146484375,1444900
2024-09-18,485.3999938964844,492.989990234375,481.7699890136719,484.5799865722656,1699500
2024-09-19,494.739990234375,506.4100036621094,493.4599914550781,503.8299865722656,3060700
2024-09-20,500.19000244140625,502.04998779296875,495.4800109863281,498.42999267578125,4452600
2024-09-23,498.2099914550781,501.3999938964844,495.2200012207031,497.4100036621094,953200
2024-09-24,497.5899963378906,499.55999755859375,494.1000061035156,498.0199890136719,1035400
2024-09-25,498.5,502.0,490.3999938964844,491.1400146484375,1763900
2024-09-26,494.0,498.3999938964844,492.4800109863281,496.9200134277344,1378100
2024-09-27,498.9700012207031,505.3999938964844,495.8599853515625,498.510009765625,1420100
2024-09-30,494.8900146484375,496.5199890136719,488.8999938964844,495.1099853515625,1602500
2024-10-01,494.5799865722656,494.5799865722656,484.6099853515625,490.1700134277344,1528600
2024-10-02,491.1700134277344,494.8599853515625,487.95001220703125,491.989990234375,1445100
2024-10-03,489.92999267578125,490.510009765625,484.20001220703125,486.1000061035156,1290600
2024-10-04,495.6400146484375,496.30999755859375,486.0,495.1600036621094,1721600
2024-10-07,494.6300048828125,499.010009765625,490.7900085449219,494.6199951171875,1173300
2024-10-08,497.0,498.3399963378906,492.7799987792969,496.57000732421875,1296700
2024-10-09,498.20001220703125,506.2699890136719,495.25,505.17999267578125,1695900
2024-10-10,506.30999755859375,506.79998779296875,499.5899963378906,503.7200012207031,1309000
2024-10-11,508.0,517.969970703125,507.79998779296875,516.2999877929688,2409700
2024-10-14,517.6500244140625,523.0700073242188,515.510009765625,522.75,2174900
2024-10-15,538.7999877929688,540.510009765625,515.510009765625,522.3800048828125,4525400
2024-10-16,530.0,536.219970703125,525.97998046875,529.8599853515625,2649000
2024-10-17,531.239990234375,535.2899780273438,528.22998046875,529.0,2123500
2024-10-18,529.3900146484375,530.77001953125,526.8699951171875,528.5,1779200
2024-10-21,528.0,529.8499755859375,517.0,517.7999877929688,1752100
2024-10-22,515.6099853515625,519.6300048828125,512.9400024414062,518.2999877929688,1588000
2024-10-23,515.7999877929688,520.0,513.4000244140625,517.2000122070312,1263200
2024-10-24,519.0,525.0,518.2000122070312,524.5,2058200
2024-10-25,528.0499877929688,528.7999877929688,510.739990234375,512.5999755859375,1633200
2024-10-28,515.4000244140625,524.5900268554688,514.97998046875,523.5800170898438,1687100
2024-10-29,521.1799926757812,527.239990234375,521.0,524.280029296875,1281600
2024-10-30,523.4000244140625,530.7899780273438,523.0700073242188,524.4000244140625,1441600
2024-10-31,522.4400024414062,525.0,514.530029296875,517.7899780273438,2061700
2024-11-01,520.0,526.6400146484375,517.0399780273438,519.3499755859375,1625000
2024-11-04,518.0,518.0499877929688,510.510009765625,511.4700012207031,1797800
2024-11-05,513.0,527.4600219726562,512.5999755859375,526.9600219726562,2169900
2024-11-06,567.2999877929688,598.6099853515625,566.0999755859375,595.97998046875,8042800
2024-11-07,590.0,595.0,581.52001953125,582.1699829101562,4475600
2024-11-08,586.4199829101562,595.1500244140625,581.2999877929688,589.260009765625,2714000
2024-11-11,598.9000244140625,607.1500244140625,596.1699829101562,602.3400268554688,2510800
2024-11-12,598.0499877929688,602.0900268554688,591.469970703125,592.5900268554688,2392900
2024-11-13,594.6300048828125,603.5499877929688,592.6500244140625,594.219970703125,1763100
2024-11-14,600.0,601.530029296875,586.239990234375,588.6099853515625,1670500
2024-11-15,593.3599853515625,595.1400146484375,587.0900268554688,593.5399780273438,2007700
2024-11-18,594.7100219726562,595.0700073242188,584.719970703125,587.989990234375,1848900
2024-11-19,579.6599731445312,584.760009765625,575.510009765625,581.3800048828125,2217400
2024-11-20,583.8300170898438,587.7999877929688,576.6199951171875,581.9299926757812,1528600
2024-11-21,586.510009765625,600.7000122070312,584.510009765625,596.1099853515625,2281900
2024-11-22,596.219970703125,603.9400024414062,594.4400024414062,602.780029296875,1733700
2024-11-25,608.7899780273438,611.2999877929688,598.8300170898438,603.030029296875,2940800
2024-11-26,600.1300048828125,607.1900024414062,593.0,605.5,2846500
2024-11-27,607.6799926757812,612.25,603.280029296875,605.4299926757812,1424500
2024-11-29,609.3099975585938,612.72998046875,607.0599975585938,608.5700073242188,1170200
2024-12-02,608.0,611.9099731445312,601.2999877929688,601.7100219726562,1804100
2024-12-03,608.9600219726562,611.4199829101562,600.7999877929688,602.0800170898438,1718100
2024-12-04,603.0,604.280029296875,596.760009765625,598.7100219726562,1617300
2024-12-05,600.530029296875,606.5599975585938,596.3499755859375,596.7999877929688,1672800
2024-12-06,597.1599731445312,600.0,594.3699951171875,599.6799926757812,1405700
2024-12-09,598.989990234375,603.0,593.719970703125,594.1199951171875,1633200
2024-12-10,590.0,596.27001953125,583.760009765625,585.030029296875,2600800
2024-12-11,590.1199951171875,593.7100219726562,586.9000244140625,592.5599975585938,2195300
2024-12-12,592.5900268554688,596.3200073242188,588.6099853515625,591.6099853515625,1218400
2024-12-13,594.0,595.0,585.0800170898438,585.47998046875,1215000
2024-12-16,588.0,588.27001953125,578.7000122070312,586.3300170898438,1713300
2024-12-17,580.8400268554688,581.6099853515625,572.2899780273438,574.6799926757812,2314100
2024-12-18,577.489990234375,579.469970703125,544.489990234375,550.25,3271600
2024-12-19,561.4400024414062,567.0,553.5999755859375,553.989990234375,2753300
2024-12-20,554.9400024414062,572.9000244140625,553.3800048828125,566.0999755859375,4515900
2024-12-23,565.0,571.6400146484375,561.7999877929688,570.780029296875,1519500
2024-12-24,574.2000122070312,582.7899780273438,571.3599853515625,582.7899780273438,913400
2024-12-26,578.1500244140625,582.5900268554688,577.5,581.22998046875,1092000
2024-12-27,577.0,581.9600219726562,571.3499755859375,576.1799926757812,1486000
2024-12-30,567.27001953125,576.02001953125,565.0999755859375,573.5499877929688,1265900
2024-12-31,575.0700073242188,576.9199829101562,570.4000244140625,572.6199951171875,1055800
2025-01-02,579.3099975585938,584.3099975585938,569.739990234375,574.969970703125,2219000
2025-01-03,581.0,582.1400146484375,571.72998046875,580.1300048828125,1422600
2025-01-06,584.97998046875,593.6500244140625,579.8200073242188,583.3900146484375,2257000
2025-01-07,587.1099853515625,588.280029296875,568.4000244140625,580.1199951171875,2021900
2025-01-08,581.0399780273438,581.2000122070312,572.6699829101562,580.02001953125,1513400
2025-01-10,576.25,576.25,558.010009765625,560.0,2817900
2025-01-13,557.8800048828125,566.1900024414062,556.760009765625,562.9500122070312,1871200
2025-01-14,569.6599731445312,573.5900268554688,565.2000122070312,571.530029296875,2221900
2025-01-15,598.0,609.4099731445312,593.0,605.9199829101562,5119800
2025-01-16,609.989990234375,616.8400268554688,606.0,612.989990234375,3224500
2025-01-17,617.7999877929688,627.0,613.0,625.9400024414062,3425200
2025-01-21,616.8099975585938,635.4299926757812,609.0,634.739990234375,5076700
2025-01-22,633.4400024414062,635.5999755859375,629.7100219726562,632.72998046875,2835700
2025-01-23,634.9199829101562,645.5399780273438,634.489990234375,639.5,2582700
2025-01-24,630.0,640.5999755859375,628.9600219726562,636.9000244140625,3183500
2025-01-27,625.0,635.7100219726562,624.4600219726562,633.280029296875,3351700
2025-01-28,632.2000122070312,639.0800170898438,631.8099975585938,637.7999877929688,2338000
2025-01-29,637.0,649.0,636.4099731445312,637.3800048828125,1918900
2025-01-30,644.489990234375,649.52001953125,641.0,645.7000122070312,1812800
2025-01-31,650.0,650.0,637.4400024414062,640.4000244140625,1995100
2025-02-03,626.0,638.47998046875,622.47998046875,632.3699951171875,2102600
2025-02-04,632.0,637.6699829101562,629.0900268554688,634.1799926757812,1743400
2025-02-05,638.0,646.4099731445312,635.530029296875,645.4500122070312,1908200
2025-02-06,650.0,658.8499755859375,648.9400024414062,658.219970703125,2439200
2025-02-07,659.4000244140625,663.8699951171875,653.1599731445312,655.9000244140625,2616700
2025-02-10,659.02001953125,662.489990234375,644.25,650.530029296875,2351600
2025-02-11,646.780029296875,649.0399780273438,643.5999755859375,647.239990234375,2711400
2025-02-12,643.760009765625,650.469970703125,639.1099853515625,649.0,2295800
2025-02-13,651.8300170898438,652.0,640.510009765625,648.9500122070312,2031800
2025-02-14,650.3200073242188,663.260009765625,650.3200073242188,660.5499877929688,2246000
2025-02-18,662.5900268554688,672.1900024414062,661.02001953125,672.1900024414062,2350100
2025-02-19,669.0800170898438,671.0399780273438,663.280029296875,668.1500244140625,1953600
2025-02-20,668.030029296875,670.280029296875,631.6599731445312,642.260009765625,3929000
2025-02-21,644.75,647.5,623.4299926757812,625.5999755859375,3000800
2025-02-24,633.510009765625,637.2999877929688,614.7999877929688,626.1400146484375,3274100
2025-02-25,628.530029296875,631.3200073242188,606.0,614.9099731445312,2885900
2025-02-26,616.6699829101562,623.1300048828125,615.2000122070312,617.77001953125,2001200
2025-02-27,617.5399780273438,625.22998046875,607.3099975585938,608.0,2396300
2025-02-28,607.7899780273438,623.6500244140625,604.010009765625,622.2899780273438,3337200
2025-03-03,622.4000244140625,628.780029296875,598.3200073242188,605.260009765625,3152300
2025-03-04,595.97998046875,600.0,567.5700073242188,581.1400146484375,4061000
2025-03-05,582.0900268554688,597.1199951171875,576.780029296875,593.0700073242188,2600600
2025-03-06,580.5900268554688,586.7100219726562,564.6199951171875,567.6699829101562,4332300
2025-03-07,568.1699829101562,568.1699829101562,544.9099731445312,559.6699829101562,4069600
2025-03-10,542.2999877929688,546.469970703125,523.1300048828125,531.6599731445312,5272100
2025-03-11,532.469970703125,539.989990234375,524.2000122070312,531.4299926757812,4190500
2025-03-12,544.0,545.0,528.5900268554688,535.7100219726562,3078100
2025-03-13,535.6699829101562,538.1400146484375,520.0599975585938,524.8099975585938,2529100
2025-03-14,533.989990234375,543.5700073242188,526.7000122070312,541.4099731445312,2808100
2025-03-17,541.22998046875,557.1599731445312,540.0,551.3400268554688,2695600
2025-03-18,550.2899780273438,553.75,546.6500244140625,551.780029296875,2641000
2025-03-19,549.0,563.0,544.5999755859375,557.3400268554688,2769800
2025-03-20,553.0999755859375,568.4400024414062,552.0,562.6799926757812,2531300
2025-03-21,555.3300170898438,567.0,551.2100219726562,565.1400146484375,3565600
2025-03-24,575.0,582.719970703125,573.0499877929688,580.0999755859375,1877700
2025-03-25,584.6900024414062,586.8900146484375,578.2100219726562,585.9400024414062,1875500
2025-03-26,588.3900146484375,592.6400146484375,571.0,573.9199829101562,1944200
2025-03-27,565.0,566.0,552.5499877929688,558.9199829101562,2100900
2025-03-28,555.9500122070312,560.5,537.7100219726562,543.1199951171875,2773100
2025-03-31,533.8200073242188,547.3900146484375,528.5900268554688,546.2899780273438,2455100
2025-04-01,543.25,551.9600219726562,533.239990234375,548.4500122070312,1869600
2025-04-02,539.7999877929688,567.3200073242188,539.0800170898438,563.0999755859375,2560700
2025-04-03,525.4299926757812,529.989990234375,509.55999755859375,511.2300109863281,5193900
2025-04-04,487.0,492.0,460.0,470.80999755859375,8105200
2025-04-07,446.8999938964844,489.9800109863281,439.3800048828125,465.510009765625,6353800
2025-04-08,488.25,491.9200134277344,452.8299865722656,462.2200012207031,4240900
2025-04-09,451.3599853515625,522.0,447.1099853515625,516.8699951171875,7024100
2025-04-10,503.1000061035156,503.1000061035156,474.0,489.79998779296875,5374500
2025-04-11,487.0,498.5199890136719,478.5799865722656,494.44000244140625,3770200
2025-04-14,510.0,512.0,497.1499938964844,503.9800109863281,4392600
2025-04-15,507.4100036621094,518.6500244140625,507.0,507.8900146484375,2501200
2025-04-16,501.7200012207031,509.45001220703125,492.69000244140625,499.04998779296875,2765600
2025-04-17,503.239990234375,514.8300170898438,499.1199951171875,509.489990234375,2593500
2025-04-21,505.3999938964844,509.2699890136719,494.67999267578125,501.3599853515625,2859300
2025-04-22,510.2300109863281,521.0,508.92999267578125,519.989990234375,2514600
2025-04-23,533.6300048828125,551.7899780273438,528.260009765625,529.3099975585938,3048100
2025-04-24,527.0999755859375,546.8400268554688,523.4199829101562,545.3699951171875,2223600
2025-04-25,544.5999755859375,549.0900268554688,541.219970703125,544.8599853515625,1612700
2025-04-28,544.8599853515625,554.5,542.469970703125,546.4000244140625,1459700
2025-04-29,543.7899780273438,550.8800048828125,541.2999877929688,548.9199829101562,1695600
2025-04-30,535.760009765625,549.52001953125,531.4500122070312,547.5499877929688,2438300
2025-05-01,548.0999755859375,558.3499755859375,545.5,553.8300170898438,2583000
2025-05-02,561.5800170898438,569.780029296875,559.7000122070312,566.0999755859375,2883000
2025-05-05,558.3599853515625,566.5599975585938,557.5,559.5599975585938,2197200
2025-05-06,549.5999755859375,557.4400024414062,547.0599975585938,549.3599853515625,2902500
2025-05-07,550.2100219726562,555.3800048828125,547.739990234375,551.9199829101562,1954900
2025-05-08,558.8200073242188,572.1599731445312,558.2100219726562,565.7000122070312,1994600
2025-05-09,570.25,572.0999755859375,565.780029296875,567.0999755859375,1522500
2025-05-12,596.260009765625,603.3699951171875,588.0800170898438,591.3400268554688,3527700
2025-05-13,593.2999877929688,607.7100219726562,593.0599975585938,603.8099975585938,2765800
2025-05-14,603.7999877929688,615.0,602.5,611.5999755859375,2874400
2025-05-15,609.72998046875,619.2100219726562,609.72998046875,615.9000244140625,2428100
2025-05-16,616.9500122070312,620.7899780273438,613.5599975585938,619.030029296875,2021800
2025-05-19,609.1900024414062,619.3800048828125,598.3400268554688,612.2999877929688,2842100
2025-05-20,607.75,611.5499877929688,603.010009765625,606.52001953125,1601600
2025-05-21,601.7999877929688,609.8699951171875,592.0,593.4600219726562,2635900
2025-05-22,592.5499877929688,602.2000122070312,592.510009765625,598.22998046875,1939600
2025-05-23,585.0,601.9600219726562,582.5,598.5399780273438,1530600
2025-05-27,605.9000244140625,617.6699829101562,604.9500122070312,615.72998046875,2364700
2025-05-28,617.280029296875,618.6300048828125,607.3099975585938,608.4400024414062,2001900
2025-05-29,608.52001953125,610.0,598.2999877929688,604.8599853515625,1736100
2025-05-30,600.0,603.5999755859375,593.8300170898438,600.4500122070312,2129500
2025-06-02,598.5999755859375,599.1699829101562,592.1699829101562,598.719970703125,1221200
2025-06-03,600.0,606.3200073242188,593.72998046875,603.8300170898438,1730300
2025-06-04,605.47998046875,606.3300170898438,598.719970703125,599.2100219726562,1294900
2025-06-05,600.0,609.719970703125,592.9000244140625,605.8800048828125,2086700
2025-06-06,613.0,621.3800048828125,610.0,614.0,1675900
2025-06-09,614.75,619.0999755859375,611.010009765625,613.52001953125,1610700
2025-06-10,613.0,616.5499877929688,609.3099975585938,614.8699951171875,1376400
2025-06-11,617.1799926757812,629.8400268554688,614.5900268554688,624.1699829101562,2063600
2025-06-12,621.0,626.010009765625,615.7999877929688,625.1099853515625,1634700
2025-06-13,616.0499877929688,620.1199951171875,609.5900268554688,613.5399780273438,1674800
2025-06-16,619.0,632.27001953125,618.0,627.8499755859375,1870400
2025-06-17,624.7000122070312,631.6699829101562,623.0,624.6400146484375,1479300
2025-06-18,624.510009765625,639.8800048828125,623.6500244140625,635.239990234375,2423100
2025-06-20,638.8300170898438,642.6400146484375,636.6900024414062,640.7999877929688,4115400
2025-06-23,639.260009765625,647.4199829101562,630.010009765625,646.8800048828125,2020800
2025-06-24,654.4500122070312,663.77001953125,653.239990234375,662.1099853515625,2307800
2025-06-25,664.5999755859375,670.1199951171875,660.7899780273438,669.8699951171875,1566400
2025-06-26,670.6199951171875,689.3300170898438,670.510009765625,687.1599731445312,2849500
2025-06-27,691.0,694.2000122070312,685.3900146484375,690.8099975585938,3650500
2025-06-30,714.27001953125,714.2999877929688,702.9500122070312,707.75,3976400
2025-07-01,708.0,713.010009765625,700.6099853515625,706.4600219726562,3301000
2025-07-02,708.7999877929688,718.72998046875,705.0800170898438,715.8900146484375,2906500
2025-07-03,715.9099731445312,726.0,713.4000244140625,723.6799926757812,1502000
2025-07-07,721.7000122070312,723.969970703125,706.3400268554688,710.9299926757812,2863700
2025-07-08,710.719970703125,711.1900024414062,693.77001953125,697.280029296875,3100700
2025-07-09,704.3400268554688,704.3400268554688,694.7100219726562,696.5599975585938,1763400
2025-07-10,696.739990234375,710.3800048828125,696.4500122070312,709.1199951171875,1733500
2025-07-11,703.5900268554688,706.0,700.22998046875,704.9500122070312,1681800
2025-07-14,704.739990234375,713.4299926757812,702.1300048828125,713.2999877929688,1909300
2025-07-15,713.2999877929688,714.6900024414062,700.0399780273438,702.510009765625,1981200
2025-07-16,708.5,709.780029296875,691.2999877929688,708.8200073242188,3323200
2025-07-17,706.280029296875,717.4500122070312,704.280029296875,705.8400268554688,2046100
2025-07-18,707.0599975585938,710.2899780273438,698.3900146484375,708.260009765625,1925200
2025-07-21,709.1400146484375,712.760009765625,704.3499755859375,706.0,2006500
2025-07-22,703.6599731445312,706.489990234375,691.8800048828125,700.4099731445312,1978900
2025-07-23,702.0,719.010009765625,701.5,717.52001953125,2395700
2025-07-24,718.9299926757812,725.77001953125,714.72998046875,719.1799926757812,1974700
2025-07-25,720.760009765625,729.8900146484375,718.3499755859375,728.97998046875,1851400
2025-07-28,728.0,732.52001953125,722.1699829101562,723.6500244140625,1464800
2025-07-29,726.8499755859375,734.1300048828125,722.4199829101562,731.97998046875,2136000
2025-07-30,731.1400146484375,737.8800048828125,723.1799926757812,730.75,1816200
2025-07-31,726.5900268554688,734.0399780273438,720.4400024414062,723.5900268554688,2358100
2025-08-01,710.510009765625,714.52001953125,694.0499877929688,709.5700073242188,2999100
2025-08-04,715.2000122070312,726.7899780273438,715.2000122070312,726.030029296875,1753700
2025-08-05,728.0,729.4000244140625,714.5499877929688,720.9099731445312,1977300
2025-08-06,724.5,728.2999877929688,722.0,724.739990234375,1477100
2025-08-07,730.6199951171875,732.9400024414062,717.6099853515625,719.739990234375,1400400
2025-08-08,725.8599853515625,728.0,718.6500244140625,721.27001953125,1275400
2025-08-11,722.2000122070312,723.8400268554688,715.739990234375,719.239990234375,1273500
2025-08-12,725.280029296875,748.1400146484375,724.3499755859375,743.3800048828125,2418100
2025-08-13,745.780029296875,748.9099731445312,732.6199951171875,744.6900024414062,1862600
2025-08-14,742.719970703125,748.1599731445312,737.0,747.2000122070312,1371200
2025-08-15,749.0,749.0499877929688,729.1799926757812,730.719970703125,1645900
2025-08-18,729.5,731.6099853515625,723.8699951171875,730.9600219726562,1157800
2025-08-19,729.1599731445312,730.0,717.72998046875,721.3800048828125,1856400
2025-08-20,721.2000122070312,722.25,705.5499877929688,720.6799926757812,1872700
2025-08-21,716.5399780273438,719.219970703125,712.969970703125,715.9500122070312,1162000
2025-08-22,720.1400146484375,744.8400268554688,718.5800170898438,741.8900146484375,1948600
2025-08-25,741.8900146484375,746.5,738.3300170898438,738.7899780273438,1381200
2025-08-26,737.7100219726562,749.1599731445312,733.8599853515625,748.9500122070312,1511600
2025-08-27,745.969970703125,753.0,745.02001953125,749.6699829101562,1534800
2025-08-28,750.989990234375,753.3300170898438,746.989990234375,751.219970703125,1411200
2025-08-29,746.7100219726562,748.9199829101562,738.9000244140625,745.25,1467000
2025-09-02,736.3900146484375,736.3900146484375,721.1599731445312,730.8499755859375,2296400
2025-09-03,728.5599975585938,732.02001953125,722.2999877929688,730.5599975585938,1485600
2025-09-04,733.75,748.9099731445312,731.1699829101562,748.9000244140625,1778200
2025-09-05,752.1900024414062,757.3499755859375,727.1500244140625,738.2100219726562,1822800
2025-09-08,739.4199829101562,743.5399780273438,733.5700073242188,741.8499755859375,1400100
2025-09-09,740.1300048828125,765.6199951171875,738.5399780273438,763.9199829101562,2611300
2025-09-10,761.8599853515625,774.469970703125,761.6300048828125,769.5800170898438,1996200
2025-09-11,772.0,793.1699829101562,771.3499755859375,784.72998046875,2075700
2025-09-12,783.5,787.030029296875,776.260009765625,780.0599975585938,1099400
2025-09-15,782.9500122070312,792.3800048828125,781.4400024414062,786.760009765625,1292000
2025-09-16,789.530029296875,790.010009765625,779.6900024414062,785.530029296875,1529500
2025-09-17,788.8599853515625,798.5700073242188,785.22998046875,794.219970703125,1945300
2025-09-18,795.5700073242188,807.280029296875,792.4000244140625,804.3099975585938,1501600
2025-09-19,804.0900268554688,809.6599731445312,797.3699951171875,805.0,3789800
2025-09-22,801.1400146484375,806.030029296875,797.5399780273438,805.5599975585938,1151000
2025-09-23,807.0999755859375,825.25,802.0,806.3200073242188,1758800
2025-09-24,809.5499877929688,812.8400268554688,792.3400268554688,792.4299926757812,1402500
2025-09-25,786.0,798.1799926757812,782.010009765625,794.760009765625,1413100
2025-09-26,797.1599731445312,809.5,795.1300048828125,802.510009765625,1376200
2025-09-29,807.7999877929688,808.8400268554688,797.989990234375,804.1199951171875,1059000
2025-09-30,805.5,809.6199951171875,786.4500122070312,796.3499755859375,2463900
2025-10-01,793.6199951171875,796.280029296875,783.22998046875,785.510009765625,1788900
2025-10-02,788.8800048828125,791.0,772.4400024414062,779.3800048828125,1553700
2025-10-03,783.0,794.9199829101562,777.8599853515625,789.97998046875,1470500
2025-10-06,795.0,802.5,780.0499877929688,796.780029296875,1632600
2025-10-07,798.0,805.3200073242188,781.3900146484375,789.6500244140625,1547200
2025-10-08,791.75,795.0,774.3400268554688,776.510009765625,1939300
2025-10-09,778.8499755859375,782.9099731445312,771.3499755859375,779.9600219726562,1575000
2025-10-10,783.1199951171875,791.6599731445312,764.0,764.3599853515625,2457900
2025-10-13,777.8800048828125,791.0499877929688,777.8800048828125,786.780029296875,2766000
2025-10-14,764.4500122070312,786.5700073242188,742.4600219726562,770.760009765625,4710800
2025-10-15,778.6199951171875,782.489990234375,762.6599731445312,767.9299926757812,3217400
2025-10-16,770.6599731445312,781.4400024414062,752.4099731445312,758.0900268554688,3160900
2025-10-17,758.1500244140625,758.9400024414062,740.010009765625,750.77001953125,2884700
2025-10-20,757.0,766.4199829101562,752.8800048828125,763.3200073242188,1925400
2025-10-21,759.0,765.2999877929688,758.27001953125,758.97998046875,1782200
2025-10-22,760.6099853515625,760.6099853515625,743.1099853515625,744.5999755859375,2141400
2025-10-23,749.3400268554688,755.0,744.6599731445312,750.780029296875,1615400
2025-10-24,759.8499755859375,784.6099853515625,756.0,783.8800048828125,2505600
2025-10-27,789.0,796.7100219726562,787.010009765625,789.989990234375,1645300
2025-10-28,792.0499877929688,798.3599853515625,787.3499755859375,792.0900268554688,1242000
2025-10-29,788.0,800.489990234375,778.8200073242188,783.0599975585938,2251500
2025-10-30,783.5599975585938,807.1400146484375,780.5999755859375,790.1599731445312,1829500
2025-10-31,784.97998046875,791.719970703125,783.0,789.3699951171875,1328100
2025-11-03,789.5700073242188,796.0,781.4400024414062,785.52001953125,1569100
2025-11-04,777.0,806.0,773.0,790.8300170898438,2046000
2025-11-05,790.4400024414062,797.3599853515625,775.5800170898438,793.0900268554688,1832700
2025-11-06,794.0,798.2000122070312,777.0,787.5800170898438,1572500
2025-11-07,783.0,787.0599975585938,762.7999877929688,786.3400268554688,2098400
2025-11-10,796.0800170898438,806.3599853515625,788.7999877929688,797.2000122070312,1698200
2025-11-11,798.47998046875,812.0,795.6099853515625,810.3099975585938,1521500
2025-11-12,814.1300048828125,840.0,814.1300048828125,838.969970703125,2954100
2025-11-14,795.5499877929688,799.9400024414062,778.0,797.989990234375,1315714
